/*--------------------------------*- C++ -*----------------------------------*\
| =========                 |                                                 |
| \\      /  F ield         | OpenFOAM: The Open Source CFD Toolbox           |
|  \\    /   O peration     | Version:  2606                                  |
|   \\  /    A nd           | Website:  www.openfoam.com                      |
|    \\/     M anipulation  |                                                 |
\*---------------------------------------------------------------------------*/
FoamFile
{
    version     2.0;
    format      ascii;
    arch        "LSB;label=32;scalar=64";
    class       labelList;
    location    "constant/cell4/polyMesh";
    object      cellRegionAddressing;
}
// * * * * * * * * * * * * * * * * * * * * * * * * * * * * * * * * * * * * * //


9262
(
1124
1125
1126
1212
1213
1214
1215
1216
1217
1301
1302
1303
1304
1305
1306
1307
1308
1391
1392
1393
1394
1395
1396
1397
1398
1399
1481
1482
1483
1484
1485
1486
1487
1488
1489
1571
1572
1573
1574
1575
1576
1577
1578
1579
1661
1662
1663
1664
1665
1666
1667
1668
1752
1753
1754
1755
1756
1757
1758
1843
1844
1845
1846
1847
3194
3195
3196
3282
3283
3284
3285
3286
3287
3371
3372
3373
3374
3375
3376
3377
3378
3461
3462
3463
3464
3465
3466
3467
3468
3469
3551
3552
3553
3554
3555
3556
3557
3558
3559
3641
3642
3643
3644
3645
3646
3647
3648
3649
3731
3732
3733
3734
3735
3736
3737
3738
3822
3823
3824
3825
3826
3827
3828
3913
3914
3915
3916
3917
5264
5265
5266
5352
5353
5354
5355
5356
5357
5441
5442
5443
5444
5445
5446
5447
5448
5531
5532
5533
5534
5535
5536
5537
5538
5539
5621
5622
5623
5624
5625
5626
5627
5628
5629
5711
5712
5713
5714
5715
5716
5717
5718
5719
5801
5802
5803
5804
5805
5806
5807
5808
5892
5893
5894
5895
5896
5897
5898
5983
5984
5985
5986
5987
7334
7335
7336
7422
7423
7424
7425
7426
7427
7511
7512
7513
7514
7515
7516
7517
7518
7601
7602
7603
7604
7605
7606
7607
7608
7609
7691
7692
7693
7694
7695
7696
7697
7698
7699
7781
7782
7783
7784
7785
7786
7787
7788
7789
7871
7872
7873
7874
7875
7876
7877
7878
7962
7963
7964
7965
7966
7967
7968
8053
8054
8055
8056
8057
9404
9405
9406
9492
9493
9494
9495
9496
9497
9581
9582
9583
9584
9585
9586
9587
9588
9671
9672
9673
9674
9675
9676
9677
9678
9679
9761
9762
9763
9764
9765
9766
9767
9768
9769
9851
9852
9853
9854
9855
9856
9857
9858
9859
9941
9942
9943
9944
9945
9946
9947
9948
10032
10033
10034
10035
10036
10037
10038
10123
10124
10125
10126
10127
11474
11475
11476
11562
11563
11564
11565
11566
11567
11651
11652
11653
11654
11655
11656
11657
11658
11741
11742
11743
11744
11745
11746
11747
11748
11749
11831
11832
11833
11834
11835
11836
11837
11838
11839
11921
11922
11923
11924
11925
11926
11927
11928
11929
12011
12012
12013
12014
12015
12016
12017
12018
12102
12103
12104
12105
12106
12107
12108
12193
12194
12195
12196
12197
13544
13545
13546
13632
13633
13634
13635
13636
13637
13721
13722
13723
13724
13725
13726
13727
13728
13811
13812
13813
13814
13815
13816
13817
13818
13819
13901
13902
13903
13904
13905
13906
13907
13908
13909
13991
13992
13993
13994
13995
13996
13997
13998
13999
14081
14082
14083
14084
14085
14086
14087
14088
14172
14173
14174
14175
14176
14177
14178
14263
14264
14265
14266
14267
15614
15615
15616
15702
15703
15704
15705
15706
15707
15791
15792
15793
15794
15795
15796
15797
15798
15881
15882
15883
15884
15885
15886
15887
15888
15889
15971
15972
15973
15974
15975
15976
15977
15978
15979
16061
16062
16063
16064
16065
16066
16067
16068
16069
16151
16152
16153
16154
16155
16156
16157
16158
16242
16243
16244
16245
16246
16247
16248
16333
16334
16335
16336
16337
17684
17685
17686
17772
17773
17774
17775
17776
17777
17861
17862
17863
17864
17865
17866
17867
17868
17951
17952
17953
17954
17955
17956
17957
17958
17959
18041
18042
18043
18044
18045
18046
18047
18048
18049
18131
18132
18133
18134
18135
18136
18137
18138
18139
18221
18222
18223
18224
18225
18226
18227
18228
18312
18313
18314
18315
18316
18317
18318
18403
18404
18405
18406
18407
19754
19755
19756
19842
19843
19844
19845
19846
19847
19931
19932
19933
19934
19935
19936
19937
19938
20021
20022
20023
20024
20025
20026
20027
20028
20029
20111
20112
20113
20114
20115
20116
20117
20118
20119
20201
20202
20203
20204
20205
20206
20207
20208
20209
20291
20292
20293
20294
20295
20296
20297
20298
20382
20383
20384
20385
20386
20387
20388
20473
20474
20475
20476
20477
21824
21825
21826
21912
21913
21914
21915
21916
21917
22001
22002
22003
22004
22005
22006
22007
22008
22091
22092
22093
22094
22095
22096
22097
22098
22099
22181
22182
22183
22184
22185
22186
22187
22188
22189
22271
22272
22273
22274
22275
22276
22277
22278
22279
22361
22362
22363
22364
22365
22366
22367
22368
22452
22453
22454
22455
22456
22457
22458
22543
22544
22545
22546
22547
23894
23895
23896
23982
23983
23984
23985
23986
23987
24071
24072
24073
24074
24075
24076
24077
24078
24161
24162
24163
24164
24165
24166
24167
24168
24169
24251
24252
24253
24254
24255
24256
24257
24258
24259
24341
24342
24343
24344
24345
24346
24347
24348
24349
24431
24432
24433
24434
24435
24436
24437
24438
24522
24523
24524
24525
24526
24527
24528
24613
24614
24615
24616
24617
25964
25965
25966
26052
26053
26054
26055
26056
26057
26141
26142
26143
26144
26145
26146
26147
26148
26231
26232
26233
26234
26235
26236
26237
26238
26239
26321
26322
26323
26324
26325
26326
26327
26328
26329
26411
26412
26413
26414
26415
26416
26417
26418
26419
26501
26502
26503
26504
26505
26506
26507
26508
26592
26593
26594
26595
26596
26597
26598
26683
26684
26685
26686
26687
28034
28035
28036
28122
28123
28124
28125
28126
28127
28211
28212
28213
28214
28215
28216
28217
28218
28301
28302
28303
28304
28305
28306
28307
28308
28309
28391
28392
28393
28394
28395
28396
28397
28398
28399
28481
28482
28483
28484
28485
28486
28487
28488
28489
28571
28572
28573
28574
28575
28576
28577
28578
28662
28663
28664
28665
28666
28667
28668
28753
28754
28755
28756
28757
30104
30105
30106
30192
30193
30194
30195
30196
30197
30281
30282
30283
30284
30285
30286
30287
30288
30371
30372
30373
30374
30375
30376
30377
30378
30379
30461
30462
30463
30464
30465
30466
30467
30468
30469
30551
30552
30553
30554
30555
30556
30557
30558
30559
30641
30642
30643
30644
30645
30646
30647
30648
30732
30733
30734
30735
30736
30737
30738
30823
30824
30825
30826
30827
32174
32175
32176
32262
32263
32264
32265
32266
32267
32351
32352
32353
32354
32355
32356
32357
32358
32441
32442
32443
32444
32445
32446
32447
32448
32449
32531
32532
32533
32534
32535
32536
32537
32538
32539
32621
32622
32623
32624
32625
32626
32627
32628
32629
32711
32712
32713
32714
32715
32716
32717
32718
32802
32803
32804
32805
32806
32807
32808
32893
32894
32895
32896
32897
34244
34245
34246
34332
34333
34334
34335
34336
34337
34421
34422
34423
34424
34425
34426
34427
34428
34511
34512
34513
34514
34515
34516
34517
34518
34519
34601
34602
34603
34604
34605
34606
34607
34608
34609
34691
34692
34693
34694
34695
34696
34697
34698
34699
34781
34782
34783
34784
34785
34786
34787
34788
34872
34873
34874
34875
34876
34877
34878
34963
34964
34965
34966
34967
36314
36315
36316
36402
36403
36404
36405
36406
36407
36491
36492
36493
36494
36495
36496
36497
36498
36581
36582
36583
36584
36585
36586
36587
36588
36589
36671
36672
36673
36674
36675
36676
36677
36678
36679
36761
36762
36763
36764
36765
36766
36767
36768
36769
36851
36852
36853
36854
36855
36856
36857
36858
36942
36943
36944
36945
36946
36947
36948
37033
37034
37035
37036
37037
38384
38385
38386
38472
38473
38474
38475
38476
38477
38561
38562
38563
38564
38565
38566
38567
38568
38651
38652
38653
38654
38655
38656
38657
38658
38659
38741
38742
38743
38744
38745
38746
38747
38748
38749
38831
38832
38833
38834
38835
38836
38837
38838
38839
38921
38922
38923
38924
38925
38926
38927
38928
39012
39013
39014
39015
39016
39017
39018
39103
39104
39105
39106
39107
40454
40455
40456
40542
40543
40544
40545
40546
40547
40631
40632
40633
40634
40635
40636
40637
40638
40721
40722
40723
40724
40725
40726
40727
40728
40729
40811
40812
40813
40814
40815
40816
40817
40818
40819
40901
40902
40903
40904
40905
40906
40907
40908
40909
40991
40992
40993
40994
40995
40996
40997
40998
41082
41083
41084
41085
41086
41087
41088
41173
41174
41175
41176
41177
42524
42525
42526
42612
42613
42614
42615
42616
42617
42701
42702
42703
42704
42705
42706
42707
42708
42791
42792
42793
42794
42795
42796
42797
42798
42799
42881
42882
42883
42884
42885
42886
42887
42888
42889
42971
42972
42973
42974
42975
42976
42977
42978
42979
43061
43062
43063
43064
43065
43066
43067
43068
43152
43153
43154
43155
43156
43157
43158
43243
43244
43245
43246
43247
44594
44595
44596
44682
44683
44684
44685
44686
44687
44771
44772
44773
44774
44775
44776
44777
44778
44861
44862
44863
44864
44865
44866
44867
44868
44869
44951
44952
44953
44954
44955
44956
44957
44958
44959
45041
45042
45043
45044
45045
45046
45047
45048
45049
45131
45132
45133
45134
45135
45136
45137
45138
45222
45223
45224
45225
45226
45227
45228
45313
45314
45315
45316
45317
46664
46665
46666
46752
46753
46754
46755
46756
46757
46841
46842
46843
46844
46845
46846
46847
46848
46931
46932
46933
46934
46935
46936
46937
46938
46939
47021
47022
47023
47024
47025
47026
47027
47028
47029
47111
47112
47113
47114
47115
47116
47117
47118
47119
47201
47202
47203
47204
47205
47206
47207
47208
47292
47293
47294
47295
47296
47297
47298
47383
47384
47385
47386
47387
48734
48735
48736
48822
48823
48824
48825
48826
48827
48911
48912
48913
48914
48915
48916
48917
48918
49001
49002
49003
49004
49005
49006
49007
49008
49009
49091
49092
49093
49094
49095
49096
49097
49098
49099
49181
49182
49183
49184
49185
49186
49187
49188
49189
49271
49272
49273
49274
49275
49276
49277
49278
49362
49363
49364
49365
49366
49367
49368
49453
49454
49455
49456
49457
50804
50805
50806
50892
50893
50894
50895
50896
50897
50981
50982
50983
50984
50985
50986
50987
50988
51071
51072
51073
51074
51075
51076
51077
51078
51079
51161
51162
51163
51164
51165
51166
51167
51168
51169
51251
51252
51253
51254
51255
51256
51257
51258
51259
51341
51342
51343
51344
51345
51346
51347
51348
51432
51433
51434
51435
51436
51437
51438
51523
51524
51525
51526
51527
52874
52875
52876
52962
52963
52964
52965
52966
52967
53051
53052
53053
53054
53055
53056
53057
53058
53141
53142
53143
53144
53145
53146
53147
53148
53149
53231
53232
53233
53234
53235
53236
53237
53238
53239
53321
53322
53323
53324
53325
53326
53327
53328
53329
53411
53412
53413
53414
53415
53416
53417
53418
53502
53503
53504
53505
53506
53507
53508
53593
53594
53595
53596
53597
54944
54945
54946
55032
55033
55034
55035
55036
55037
55121
55122
55123
55124
55125
55126
55127
55128
55211
55212
55213
55214
55215
55216
55217
55218
55219
55301
55302
55303
55304
55305
55306
55307
55308
55309
55391
55392
55393
55394
55395
55396
55397
55398
55399
55481
55482
55483
55484
55485
55486
55487
55488
55572
55573
55574
55575
55576
55577
55578
55663
55664
55665
55666
55667
57014
57015
57016
57102
57103
57104
57105
57106
57107
57191
57192
57193
57194
57195
57196
57197
57198
57281
57282
57283
57284
57285
57286
57287
57288
57289
57371
57372
57373
57374
57375
57376
57377
57378
57379
57461
57462
57463
57464
57465
57466
57467
57468
57469
57551
57552
57553
57554
57555
57556
57557
57558
57642
57643
57644
57645
57646
57647
57648
57733
57734
57735
57736
57737
59084
59085
59086
59172
59173
59174
59175
59176
59177
59261
59262
59263
59264
59265
59266
59267
59268
59351
59352
59353
59354
59355
59356
59357
59358
59359
59441
59442
59443
59444
59445
59446
59447
59448
59449
59531
59532
59533
59534
59535
59536
59537
59538
59539
59621
59622
59623
59624
59625
59626
59627
59628
59712
59713
59714
59715
59716
59717
59718
59803
59804
59805
59806
59807
61154
61155
61156
61242
61243
61244
61245
61246
61247
61331
61332
61333
61334
61335
61336
61337
61338
61421
61422
61423
61424
61425
61426
61427
61428
61429
61511
61512
61513
61514
61515
61516
61517
61518
61519
61601
61602
61603
61604
61605
61606
61607
61608
61609
61691
61692
61693
61694
61695
61696
61697
61698
61782
61783
61784
61785
61786
61787
61788
61873
61874
61875
61876
61877
63224
63225
63226
63312
63313
63314
63315
63316
63317
63401
63402
63403
63404
63405
63406
63407
63408
63491
63492
63493
63494
63495
63496
63497
63498
63499
63581
63582
63583
63584
63585
63586
63587
63588
63589
63671
63672
63673
63674
63675
63676
63677
63678
63679
63761
63762
63763
63764
63765
63766
63767
63768
63852
63853
63854
63855
63856
63857
63858
63943
63944
63945
63946
63947
65294
65295
65296
65382
65383
65384
65385
65386
65387
65471
65472
65473
65474
65475
65476
65477
65478
65561
65562
65563
65564
65565
65566
65567
65568
65569
65651
65652
65653
65654
65655
65656
65657
65658
65659
65741
65742
65743
65744
65745
65746
65747
65748
65749
65831
65832
65833
65834
65835
65836
65837
65838
65922
65923
65924
65925
65926
65927
65928
66013
66014
66015
66016
66017
67364
67365
67366
67452
67453
67454
67455
67456
67457
67541
67542
67543
67544
67545
67546
67547
67548
67631
67632
67633
67634
67635
67636
67637
67638
67639
67721
67722
67723
67724
67725
67726
67727
67728
67729
67811
67812
67813
67814
67815
67816
67817
67818
67819
67901
67902
67903
67904
67905
67906
67907
67908
67992
67993
67994
67995
67996
67997
67998
68083
68084
68085
68086
68087
75292
75297
75298
75299
75304
75305
75306
75311
75312
75313
75319
75320
75326
75404
75409
75410
75411
75416
75417
75418
75424
75493
75494
75495
75500
75501
75502
75556
75558
75564
75598
75600
75606
75640
75642
75648
75703
75704
75705
75710
75711
75712
75780
75787
75788
75789
75794
75795
75796
75878
75885
75887
75892
75893
75894
75899
75900
75901
75906
75907
77042
77046
77047
77048
77049
77051
77052
77053
77054
77055
77056
77057
77058
77059
77060
77061
77062
77063
77064
77065
77066
77067
77069
77070
77071
77073
77074
77076
77080
77154
77158
77159
77160
77161
77162
77163
77164
77165
77166
77167
77168
77169
77170
77171
77172
77174
77178
77243
77244
77245
77246
77247
77248
77249
77250
77251
77252
77253
77254
77255
77256
77320
77322
77324
77326
77327
77328
77329
77330
77331
77332
77333
77334
77335
77336
77337
77338
77339
77340
77342
77344
77346
77404
77406
77408
77410
77411
77412
77413
77414
77415
77416
77417
77418
77419
77420
77421
77422
77423
77424
77426
77428
77430
77488
77490
77492
77494
77495
77496
77497
77498
77499
77500
77501
77502
77503
77504
77505
77506
77507
77508
77510
77512
77514
77579
77580
77581
77582
77583
77584
77585
77586
77587
77588
77589
77590
77591
77592
77656
77660
77663
77664
77665
77666
77667
77668
77669
77670
77671
77672
77673
77674
77675
77676
77680
77754
77758
77761
77763
77764
77765
77767
77768
77769
77770
77771
77772
77773
77774
77775
77776
77777
77778
77779
77780
77781
77782
77783
77785
77786
77787
77792
78974
78978
78979
78980
78981
78983
78984
78985
78986
78987
78988
78989
78990
78991
78992
78993
78994
78995
78996
78997
78998
78999
79001
79002
79003
79005
79006
79008
79012
79086
79090
79091
79092
79093
79094
79095
79096
79097
79098
79099
79100
79101
79102
79103
79104
79106
79110
79175
79176
79177
79178
79179
79180
79181
79182
79183
79184
79185
79186
79187
79188
79252
79254
79256
79258
79259
79260
79261
79262
79263
79264
79265
79266
79267
79268
79269
79270
79271
79272
79274
79276
79278
79336
79338
79340
79342
79343
79344
79345
79346
79347
79348
79349
79350
79351
79352
79353
79354
79355
79356
79358
79360
79362
79420
79422
79424
79426
79427
79428
79429
79430
79431
79432
79433
79434
79435
79436
79437
79438
79439
79440
79442
79444
79446
79511
79512
79513
79514
79515
79516
79517
79518
79519
79520
79521
79522
79523
79524
79588
79592
79595
79596
79597
79598
79599
79600
79601
79602
79603
79604
79605
79606
79607
79608
79612
79686
79690
79693
79695
79696
79697
79699
79700
79701
79702
79703
79704
79705
79706
79707
79708
79709
79710
79711
79712
79713
79714
79715
79717
79718
79719
79724
80906
80910
80911
80912
80913
80915
80916
80917
80918
80919
80920
80921
80922
80923
80924
80925
80926
80927
80928
80929
80930
80931
80933
80934
80935
80937
80938
80940
80944
81018
81022
81023
81024
81025
81026
81027
81028
81029
81030
81031
81032
81033
81034
81035
81036
81038
81042
81107
81108
81109
81110
81111
81112
81113
81114
81115
81116
81117
81118
81119
81120
81184
81186
81188
81190
81191
81192
81193
81194
81195
81196
81197
81198
81199
81200
81201
81202
81203
81204
81206
81208
81210
81268
81270
81272
81274
81275
81276
81277
81278
81279
81280
81281
81282
81283
81284
81285
81286
81287
81288
81290
81292
81294
81352
81354
81356
81358
81359
81360
81361
81362
81363
81364
81365
81366
81367
81368
81369
81370
81371
81372
81374
81376
81378
81443
81444
81445
81446
81447
81448
81449
81450
81451
81452
81453
81454
81455
81456
81520
81524
81527
81528
81529
81530
81531
81532
81533
81534
81535
81536
81537
81538
81539
81540
81544
81618
81622
81625
81627
81628
81629
81631
81632
81633
81634
81635
81636
81637
81638
81639
81640
81641
81642
81643
81644
81645
81646
81647
81649
81650
81651
81656
82838
82842
82843
82844
82845
82847
82848
82849
82850
82851
82852
82853
82854
82855
82856
82857
82858
82859
82860
82861
82862
82863
82865
82866
82867
82869
82870
82872
82876
82950
82954
82955
82956
82957
82958
82959
82960
82961
82962
82963
82964
82965
82966
82967
82968
82970
82974
83039
83040
83041
83042
83043
83044
83045
83046
83047
83048
83049
83050
83051
83052
83116
83118
83120
83122
83123
83124
83125
83126
83127
83128
83129
83130
83131
83132
83133
83134
83135
83136
83138
83140
83142
83200
83202
83204
83206
83207
83208
83209
83210
83211
83212
83213
83214
83215
83216
83217
83218
83219
83220
83222
83224
83226
83284
83286
83288
83290
83291
83292
83293
83294
83295
83296
83297
83298
83299
83300
83301
83302
83303
83304
83306
83308
83310
83375
83376
83377
83378
83379
83380
83381
83382
83383
83384
83385
83386
83387
83388
83452
83456
83459
83460
83461
83462
83463
83464
83465
83466
83467
83468
83469
83470
83471
83472
83476
83550
83554
83557
83559
83560
83561
83563
83564
83565
83566
83567
83568
83569
83570
83571
83572
83573
83574
83575
83576
83577
83578
83579
83581
83582
83583
83588
84770
84774
84775
84776
84777
84779
84780
84781
84782
84783
84784
84785
84786
84787
84788
84789
84790
84791
84792
84793
84794
84795
84797
84798
84799
84801
84802
84804
84808
84882
84886
84887
84888
84889
84890
84891
84892
84893
84894
84895
84896
84897
84898
84899
84900
84902
84906
84971
84972
84973
84974
84975
84976
84977
84978
84979
84980
84981
84982
84983
84984
85048
85050
85052
85054
85055
85056
85057
85058
85059
85060
85061
85062
85063
85064
85065
85066
85067
85068
85070
85072
85074
85132
85134
85136
85138
85139
85140
85141
85142
85143
85144
85145
85146
85147
85148
85149
85150
85151
85152
85154
85156
85158
85216
85218
85220
85222
85223
85224
85225
85226
85227
85228
85229
85230
85231
85232
85233
85234
85235
85236
85238
85240
85242
85307
85308
85309
85310
85311
85312
85313
85314
85315
85316
85317
85318
85319
85320
85384
85388
85391
85392
85393
85394
85395
85396
85397
85398
85399
85400
85401
85402
85403
85404
85408
85482
85486
85489
85491
85492
85493
85495
85496
85497
85498
85499
85500
85501
85502
85503
85504
85505
85506
85507
85508
85509
85510
85511
85513
85514
85515
85520
86702
86706
86707
86708
86709
86711
86712
86713
86714
86715
86716
86717
86718
86719
86720
86721
86722
86723
86724
86725
86726
86727
86729
86730
86731
86733
86734
86736
86740
86814
86818
86819
86820
86821
86822
86823
86824
86825
86826
86827
86828
86829
86830
86831
86832
86834
86838
86903
86904
86905
86906
86907
86908
86909
86910
86911
86912
86913
86914
86915
86916
86980
86982
86984
86986
86987
86988
86989
86990
86991
86992
86993
86994
86995
86996
86997
86998
86999
87000
87002
87004
87006
87064
87066
87068
87070
87071
87072
87073
87074
87075
87076
87077
87078
87079
87080
87081
87082
87083
87084
87086
87088
87090
87148
87150
87152
87154
87155
87156
87157
87158
87159
87160
87161
87162
87163
87164
87165
87166
87167
87168
87170
87172
87174
87239
87240
87241
87242
87243
87244
87245
87246
87247
87248
87249
87250
87251
87252
87316
87320
87323
87324
87325
87326
87327
87328
87329
87330
87331
87332
87333
87334
87335
87336
87340
87414
87418
87421
87423
87424
87425
87427
87428
87429
87430
87431
87432
87433
87434
87435
87436
87437
87438
87439
87440
87441
87442
87443
87445
87446
87447
87452
88634
88638
88639
88640
88641
88643
88644
88645
88646
88647
88648
88649
88650
88651
88652
88653
88654
88655
88656
88657
88658
88659
88661
88662
88663
88665
88666
88668
88672
88746
88750
88751
88752
88753
88754
88755
88756
88757
88758
88759
88760
88761
88762
88763
88764
88766
88770
88835
88836
88837
88838
88839
88840
88841
88842
88843
88844
88845
88846
88847
88848
88912
88914
88916
88918
88919
88920
88921
88922
88923
88924
88925
88926
88927
88928
88929
88930
88931
88932
88934
88936
88938
88996
88998
89000
89002
89003
89004
89005
89006
89007
89008
89009
89010
89011
89012
89013
89014
89015
89016
89018
89020
89022
89080
89082
89084
89086
89087
89088
89089
89090
89091
89092
89093
89094
89095
89096
89097
89098
89099
89100
89102
89104
89106
89171
89172
89173
89174
89175
89176
89177
89178
89179
89180
89181
89182
89183
89184
89248
89252
89255
89256
89257
89258
89259
89260
89261
89262
89263
89264
89265
89266
89267
89268
89272
89346
89350
89353
89355
89356
89357
89359
89360
89361
89362
89363
89364
89365
89366
89367
89368
89369
89370
89371
89372
89373
89374
89375
89377
89378
89379
89384
90566
90570
90571
90572
90573
90575
90576
90577
90578
90579
90580
90581
90582
90583
90584
90585
90586
90587
90588
90589
90590
90591
90593
90594
90595
90597
90598
90600
90604
90678
90682
90683
90684
90685
90686
90687
90688
90689
90690
90691
90692
90693
90694
90695
90696
90698
90702
90767
90768
90769
90770
90771
90772
90773
90774
90775
90776
90777
90778
90779
90780
90844
90846
90848
90850
90851
90852
90853
90854
90855
90856
90857
90858
90859
90860
90861
90862
90863
90864
90866
90868
90870
90928
90930
90932
90934
90935
90936
90937
90938
90939
90940
90941
90942
90943
90944
90945
90946
90947
90948
90950
90952
90954
91012
91014
91016
91018
91019
91020
91021
91022
91023
91024
91025
91026
91027
91028
91029
91030
91031
91032
91034
91036
91038
91103
91104
91105
91106
91107
91108
91109
91110
91111
91112
91113
91114
91115
91116
91180
91184
91187
91188
91189
91190
91191
91192
91193
91194
91195
91196
91197
91198
91199
91200
91204
91278
91282
91285
91287
91288
91289
91291
91292
91293
91294
91295
91296
91297
91298
91299
91300
91301
91302
91303
91304
91305
91306
91307
91309
91310
91311
91316
92498
92502
92503
92504
92505
92507
92508
92509
92510
92511
92512
92513
92514
92515
92516
92517
92518
92519
92520
92521
92522
92523
92525
92526
92527
92529
92530
92532
92536
92610
92614
92615
92616
92617
92618
92619
92620
92621
92622
92623
92624
92625
92626
92627
92628
92630
92634
92699
92700
92701
92702
92703
92704
92705
92706
92707
92708
92709
92710
92711
92712
92776
92778
92780
92782
92783
92784
92785
92786
92787
92788
92789
92790
92791
92792
92793
92794
92795
92796
92798
92800
92802
92860
92862
92864
92866
92867
92868
92869
92870
92871
92872
92873
92874
92875
92876
92877
92878
92879
92880
92882
92884
92886
92944
92946
92948
92950
92951
92952
92953
92954
92955
92956
92957
92958
92959
92960
92961
92962
92963
92964
92966
92968
92970
93035
93036
93037
93038
93039
93040
93041
93042
93043
93044
93045
93046
93047
93048
93112
93116
93119
93120
93121
93122
93123
93124
93125
93126
93127
93128
93129
93130
93131
93132
93136
93210
93214
93217
93219
93220
93221
93223
93224
93225
93226
93227
93228
93229
93230
93231
93232
93233
93234
93235
93236
93237
93238
93239
93241
93242
93243
93248
94430
94434
94435
94436
94437
94439
94440
94441
94442
94443
94444
94445
94446
94447
94448
94449
94450
94451
94452
94453
94454
94455
94457
94458
94459
94461
94462
94464
94468
94542
94546
94547
94548
94549
94550
94551
94552
94553
94554
94555
94556
94557
94558
94559
94560
94562
94566
94631
94632
94633
94634
94635
94636
94637
94638
94639
94640
94641
94642
94643
94644
94708
94710
94712
94714
94715
94716
94717
94718
94719
94720
94721
94722
94723
94724
94725
94726
94727
94728
94730
94732
94734
94792
94794
94796
94798
94799
94800
94801
94802
94803
94804
94805
94806
94807
94808
94809
94810
94811
94812
94814
94816
94818
94876
94878
94880
94882
94883
94884
94885
94886
94887
94888
94889
94890
94891
94892
94893
94894
94895
94896
94898
94900
94902
94967
94968
94969
94970
94971
94972
94973
94974
94975
94976
94977
94978
94979
94980
95044
95048
95051
95052
95053
95054
95055
95056
95057
95058
95059
95060
95061
95062
95063
95064
95068
95142
95146
95149
95151
95152
95153
95155
95156
95157
95158
95159
95160
95161
95162
95163
95164
95165
95166
95167
95168
95169
95170
95171
95173
95174
95175
95180
96362
96366
96367
96368
96369
96371
96372
96373
96374
96375
96376
96377
96378
96379
96380
96381
96382
96383
96384
96385
96386
96387
96389
96390
96391
96393
96394
96396
96400
96474
96478
96479
96480
96481
96482
96483
96484
96485
96486
96487
96488
96489
96490
96491
96492
96494
96498
96563
96564
96565
96566
96567
96568
96569
96570
96571
96572
96573
96574
96575
96576
96640
96642
96644
96646
96647
96648
96649
96650
96651
96652
96653
96654
96655
96656
96657
96658
96659
96660
96662
96664
96666
96724
96726
96728
96730
96731
96732
96733
96734
96735
96736
96737
96738
96739
96740
96741
96742
96743
96744
96746
96748
96750
96808
96810
96812
96814
96815
96816
96817
96818
96819
96820
96821
96822
96823
96824
96825
96826
96827
96828
96830
96832
96834
96899
96900
96901
96902
96903
96904
96905
96906
96907
96908
96909
96910
96911
96912
96976
96980
96983
96984
96985
96986
96987
96988
96989
96990
96991
96992
96993
96994
96995
96996
97000
97074
97078
97081
97083
97084
97085
97087
97088
97089
97090
97091
97092
97093
97094
97095
97096
97097
97098
97099
97100
97101
97102
97103
97105
97106
97107
97112
98294
98298
98299
98300
98301
98303
98304
98305
98306
98307
98308
98309
98310
98311
98312
98313
98314
98315
98316
98317
98318
98319
98321
98322
98323
98325
98326
98328
98332
98406
98410
98411
98412
98413
98414
98415
98416
98417
98418
98419
98420
98421
98422
98423
98424
98426
98430
98495
98496
98497
98498
98499
98500
98501
98502
98503
98504
98505
98506
98507
98508
98572
98574
98576
98578
98579
98580
98581
98582
98583
98584
98585
98586
98587
98588
98589
98590
98591
98592
98594
98596
98598
98656
98658
98660
98662
98663
98664
98665
98666
98667
98668
98669
98670
98671
98672
98673
98674
98675
98676
98678
98680
98682
98740
98742
98744
98746
98747
98748
98749
98750
98751
98752
98753
98754
98755
98756
98757
98758
98759
98760
98762
98764
98766
98831
98832
98833
98834
98835
98836
98837
98838
98839
98840
98841
98842
98843
98844
98908
98912
98915
98916
98917
98918
98919
98920
98921
98922
98923
98924
98925
98926
98927
98928
98932
99006
99010
99013
99015
99016
99017
99019
99020
99021
99022
99023
99024
99025
99026
99027
99028
99029
99030
99031
99032
99033
99034
99035
99037
99038
99039
99044
100226
100230
100231
100232
100233
100235
100236
100237
100238
100239
100240
100241
100242
100243
100244
100245
100246
100247
100248
100249
100250
100251
100253
100254
100255
100257
100258
100260
100264
100338
100342
100343
100344
100345
100346
100347
100348
100349
100350
100351
100352
100353
100354
100355
100356
100358
100362
100427
100428
100429
100430
100431
100432
100433
100434
100435
100436
100437
100438
100439
100440
100504
100506
100508
100510
100511
100512
100513
100514
100515
100516
100517
100518
100519
100520
100521
100522
100523
100524
100526
100528
100530
100588
100590
100592
100594
100595
100596
100597
100598
100599
100600
100601
100602
100603
100604
100605
100606
100607
100608
100610
100612
100614
100672
100674
100676
100678
100679
100680
100681
100682
100683
100684
100685
100686
100687
100688
100689
100690
100691
100692
100694
100696
100698
100763
100764
100765
100766
100767
100768
100769
100770
100771
100772
100773
100774
100775
100776
100840
100844
100847
100848
100849
100850
100851
100852
100853
100854
100855
100856
100857
100858
100859
100860
100864
100938
100942
100945
100947
100948
100949
100951
100952
100953
100954
100955
100956
100957
100958
100959
100960
100961
100962
100963
100964
100965
100966
100967
100969
100970
100971
100976
102158
102162
102163
102164
102165
102167
102168
102169
102170
102171
102172
102173
102174
102175
102176
102177
102178
102179
102180
102181
102182
102183
102185
102186
102187
102189
102190
102192
102196
102270
102274
102275
102276
102277
102278
102279
102280
102281
102282
102283
102284
102285
102286
102287
102288
102290
102294
102359
102360
102361
102362
102363
102364
102365
102366
102367
102368
102369
102370
102371
102372
102436
102438
102440
102442
102443
102444
102445
102446
102447
102448
102449
102450
102451
102452
102453
102454
102455
102456
102458
102460
102462
102520
102522
102524
102526
102527
102528
102529
102530
102531
102532
102533
102534
102535
102536
102537
102538
102539
102540
102542
102544
102546
102604
102606
102608
102610
102611
102612
102613
102614
102615
102616
102617
102618
102619
102620
102621
102622
102623
102624
102626
102628
102630
102695
102696
102697
102698
102699
102700
102701
102702
102703
102704
102705
102706
102707
102708
102772
102776
102779
102780
102781
102782
102783
102784
102785
102786
102787
102788
102789
102790
102791
102792
102796
102870
102874
102877
102879
102880
102881
102883
102884
102885
102886
102887
102888
102889
102890
102891
102892
102893
102894
102895
102896
102897
102898
102899
102901
102902
102903
102908
104090
104094
104095
104096
104097
104099
104100
104101
104102
104103
104104
104105
104106
104107
104108
104109
104110
104111
104112
104113
104114
104115
104117
104118
104119
104121
104122
104124
104128
104202
104206
104207
104208
104209
104210
104211
104212
104213
104214
104215
104216
104217
104218
104219
104220
104222
104226
104291
104292
104293
104294
104295
104296
104297
104298
104299
104300
104301
104302
104303
104304
104368
104370
104372
104374
104375
104376
104377
104378
104379
104380
104381
104382
104383
104384
104385
104386
104387
104388
104390
104392
104394
104452
104454
104456
104458
104459
104460
104461
104462
104463
104464
104465
104466
104467
104468
104469
104470
104471
104472
104474
104476
104478
104536
104538
104540
104542
104543
104544
104545
104546
104547
104548
104549
104550
104551
104552
104553
104554
104555
104556
104558
104560
104562
104627
104628
104629
104630
104631
104632
104633
104634
104635
104636
104637
104638
104639
104640
104704
104708
104711
104712
104713
104714
104715
104716
104717
104718
104719
104720
104721
104722
104723
104724
104728
104802
104806
104809
104811
104812
104813
104815
104816
104817
104818
104819
104820
104821
104822
104823
104824
104825
104826
104827
104828
104829
104830
104831
104833
104834
104835
104840
106022
106026
106027
106028
106029
106031
106032
106033
106034
106035
106036
106037
106038
106039
106040
106041
106042
106043
106044
106045
106046
106047
106049
106050
106051
106053
106054
106056
106060
106134
106138
106139
106140
106141
106142
106143
106144
106145
106146
106147
106148
106149
106150
106151
106152
106154
106158
106223
106224
106225
106226
106227
106228
106229
106230
106231
106232
106233
106234
106235
106236
106300
106302
106304
106306
106307
106308
106309
106310
106311
106312
106313
106314
106315
106316
106317
106318
106319
106320
106322
106324
106326
106384
106386
106388
106390
106391
106392
106393
106394
106395
106396
106397
106398
106399
106400
106401
106402
106403
106404
106406
106408
106410
106468
106470
106472
106474
106475
106476
106477
106478
106479
106480
106481
106482
106483
106484
106485
106486
106487
106488
106490
106492
106494
106559
106560
106561
106562
106563
106564
106565
106566
106567
106568
106569
106570
106571
106572
106636
106640
106643
106644
106645
106646
106647
106648
106649
106650
106651
106652
106653
106654
106655
106656
106660
106734
106738
106741
106743
106744
106745
106747
106748
106749
106750
106751
106752
106753
106754
106755
106756
106757
106758
106759
106760
106761
106762
106763
106765
106766
106767
106772
107954
107958
107959
107960
107961
107963
107964
107965
107966
107967
107968
107969
107970
107971
107972
107973
107974
107975
107976
107977
107978
107979
107981
107982
107983
107985
107986
107988
107992
108066
108070
108071
108072
108073
108074
108075
108076
108077
108078
108079
108080
108081
108082
108083
108084
108086
108090
108155
108156
108157
108158
108159
108160
108161
108162
108163
108164
108165
108166
108167
108168
108232
108234
108236
108238
108239
108240
108241
108242
108243
108244
108245
108246
108247
108248
108249
108250
108251
108252
108254
108256
108258
108316
108318
108320
108322
108323
108324
108325
108326
108327
108328
108329
108330
108331
108332
108333
108334
108335
108336
108338
108340
108342
108400
108402
108404
108406
108407
108408
108409
108410
108411
108412
108413
108414
108415
108416
108417
108418
108419
108420
108422
108424
108426
108491
108492
108493
108494
108495
108496
108497
108498
108499
108500
108501
108502
108503
108504
108568
108572
108575
108576
108577
108578
108579
108580
108581
108582
108583
108584
108585
108586
108587
108588
108592
108666
108670
108673
108675
108676
108677
108679
108680
108681
108682
108683
108684
108685
108686
108687
108688
108689
108690
108691
108692
108693
108694
108695
108697
108698
108699
108704
109886
109890
109891
109892
109893
109895
109896
109897
109898
109899
109900
109901
109902
109903
109904
109905
109906
109907
109908
109909
109910
109911
109913
109914
109915
109917
109918
109920
109924
109998
110002
110003
110004
110005
110006
110007
110008
110009
110010
110011
110012
110013
110014
110015
110016
110018
110022
110087
110088
110089
110090
110091
110092
110093
110094
110095
110096
110097
110098
110099
110100
110164
110166
110168
110170
110171
110172
110173
110174
110175
110176
110177
110178
110179
110180
110181
110182
110183
110184
110186
110188
110190
110248
110250
110252
110254
110255
110256
110257
110258
110259
110260
110261
110262
110263
110264
110265
110266
110267
110268
110270
110272
110274
110332
110334
110336
110338
110339
110340
110341
110342
110343
110344
110345
110346
110347
110348
110349
110350
110351
110352
110354
110356
110358
110423
110424
110425
110426
110427
110428
110429
110430
110431
110432
110433
110434
110435
110436
110500
110504
110507
110508
110509
110510
110511
110512
110513
110514
110515
110516
110517
110518
110519
110520
110524
110598
110602
110605
110607
110608
110609
110611
110612
110613
110614
110615
110616
110617
110618
110619
110620
110621
110622
110623
110624
110625
110626
110627
110629
110630
110631
110636
111818
111822
111823
111824
111825
111827
111828
111829
111830
111831
111832
111833
111834
111835
111836
111837
111838
111839
111840
111841
111842
111843
111845
111846
111847
111849
111850
111852
111856
111930
111934
111935
111936
111937
111938
111939
111940
111941
111942
111943
111944
111945
111946
111947
111948
111950
111954
112019
112020
112021
112022
112023
112024
112025
112026
112027
112028
112029
112030
112031
112032
112096
112098
112100
112102
112103
112104
112105
112106
112107
112108
112109
112110
112111
112112
112113
112114
112115
112116
112118
112120
112122
112180
112182
112184
112186
112187
112188
112189
112190
112191
112192
112193
112194
112195
112196
112197
112198
112199
112200
112202
112204
112206
112264
112266
112268
112270
112271
112272
112273
112274
112275
112276
112277
112278
112279
112280
112281
112282
112283
112284
112286
112288
112290
112355
112356
112357
112358
112359
112360
112361
112362
112363
112364
112365
112366
112367
112368
112432
112436
112439
112440
112441
112442
112443
112444
112445
112446
112447
112448
112449
112450
112451
112452
112456
112530
112534
112537
112539
112540
112541
112543
112544
112545
112546
112547
112548
112549
112550
112551
112552
112553
112554
112555
112556
112557
112558
112559
112561
112562
112563
112568
113750
113754
113755
113756
113757
113759
113760
113761
113762
113763
113764
113765
113766
113767
113768
113769
113770
113771
113772
113773
113774
113775
113777
113778
113779
113781
113782
113784
113788
113862
113866
113867
113868
113869
113870
113871
113872
113873
113874
113875
113876
113877
113878
113879
113880
113882
113886
113951
113952
113953
113954
113955
113956
113957
113958
113959
113960
113961
113962
113963
113964
114028
114030
114032
114034
114035
114036
114037
114038
114039
114040
114041
114042
114043
114044
114045
114046
114047
114048
114050
114052
114054
114112
114114
114116
114118
114119
114120
114121
114122
114123
114124
114125
114126
114127
114128
114129
114130
114131
114132
114134
114136
114138
114196
114198
114200
114202
114203
114204
114205
114206
114207
114208
114209
114210
114211
114212
114213
114214
114215
114216
114218
114220
114222
114287
114288
114289
114290
114291
114292
114293
114294
114295
114296
114297
114298
114299
114300
114364
114368
114371
114372
114373
114374
114375
114376
114377
114378
114379
114380
114381
114382
114383
114384
114388
114462
114466
114469
114471
114472
114473
114475
114476
114477
114478
114479
114480
114481
114482
114483
114484
114485
114486
114487
114488
114489
114490
114491
114493
114494
114495
114500
115682
115686
115687
115688
115689
115691
115692
115693
115694
115695
115696
115697
115698
115699
115700
115701
115702
115703
115704
115705
115706
115707
115709
115710
115711
115713
115714
115716
115720
115794
115798
115799
115800
115801
115802
115803
115804
115805
115806
115807
115808
115809
115810
115811
115812
115814
115818
115883
115884
115885
115886
115887
115888
115889
115890
115891
115892
115893
115894
115895
115896
115960
115962
115964
115966
115967
115968
115969
115970
115971
115972
115973
115974
115975
115976
115977
115978
115979
115980
115982
115984
115986
116044
116046
116048
116050
116051
116052
116053
116054
116055
116056
116057
116058
116059
116060
116061
116062
116063
116064
116066
116068
116070
116128
116130
116132
116134
116135
116136
116137
116138
116139
116140
116141
116142
116143
116144
116145
116146
116147
116148
116150
116152
116154
116219
116220
116221
116222
116223
116224
116225
116226
116227
116228
116229
116230
116231
116232
116296
116300
116303
116304
116305
116306
116307
116308
116309
116310
116311
116312
116313
116314
116315
116316
116320
116394
116398
116401
116403
116404
116405
116407
116408
116409
116410
116411
116412
116413
116414
116415
116416
116417
116418
116419
116420
116421
116422
116423
116425
116426
116427
116432
117614
117618
117619
117620
117621
117623
117624
117625
117626
117627
117628
117629
117630
117631
117632
117633
117634
117635
117636
117637
117638
117639
117641
117642
117643
117645
117646
117648
117652
117726
117730
117731
117732
117733
117734
117735
117736
117737
117738
117739
117740
117741
117742
117743
117744
117746
117750
117815
117816
117817
117818
117819
117820
117821
117822
117823
117824
117825
117826
117827
117828
117892
117894
117896
117898
117899
117900
117901
117902
117903
117904
117905
117906
117907
117908
117909
117910
117911
117912
117914
117916
117918
117976
117978
117980
117982
117983
117984
117985
117986
117987
117988
117989
117990
117991
117992
117993
117994
117995
117996
117998
118000
118002
118060
118062
118064
118066
118067
118068
118069
118070
118071
118072
118073
118074
118075
118076
118077
118078
118079
118080
118082
118084
118086
118151
118152
118153
118154
118155
118156
118157
118158
118159
118160
118161
118162
118163
118164
118228
118232
118235
118236
118237
118238
118239
118240
118241
118242
118243
118244
118245
118246
118247
118248
118252
118326
118330
118333
118335
118336
118337
118339
118340
118341
118342
118343
118344
118345
118346
118347
118348
118349
118350
118351
118352
118353
118354
118355
118357
118358
118359
118364
119546
119550
119551
119552
119553
119555
119556
119557
119558
119559
119560
119561
119562
119563
119564
119565
119566
119567
119568
119569
119570
119571
119573
119574
119575
119577
119578
119580
119584
119658
119662
119663
119664
119665
119666
119667
119668
119669
119670
119671
119672
119673
119674
119675
119676
119678
119682
119747
119748
119749
119750
119751
119752
119753
119754
119755
119756
119757
119758
119759
119760
119824
119826
119828
119830
119831
119832
119833
119834
119835
119836
119837
119838
119839
119840
119841
119842
119843
119844
119846
119848
119850
119908
119910
119912
119914
119915
119916
119917
119918
119919
119920
119921
119922
119923
119924
119925
119926
119927
119928
119930
119932
119934
119992
119994
119996
119998
119999
120000
120001
120002
120003
120004
120005
120006
120007
120008
120009
120010
120011
120012
120014
120016
120018
120083
120084
120085
120086
120087
120088
120089
120090
120091
120092
120093
120094
120095
120096
120160
120164
120167
120168
120169
120170
120171
120172
120173
120174
120175
120176
120177
120178
120179
120180
120184
120258
120262
120265
120267
120268
120269
120271
120272
120273
120274
120275
120276
120277
120278
120279
120280
120281
120282
120283
120284
120285
120286
120287
120289
120290
120291
120296
121478
121482
121483
121484
121485
121487
121488
121489
121490
121491
121492
121493
121494
121495
121496
121497
121498
121499
121500
121501
121502
121503
121505
121506
121507
121509
121510
121512
121516
121590
121594
121595
121596
121597
121598
121599
121600
121601
121602
121603
121604
121605
121606
121607
121608
121610
121614
121679
121680
121681
121682
121683
121684
121685
121686
121687
121688
121689
121690
121691
121692
121756
121758
121760
121762
121763
121764
121765
121766
121767
121768
121769
121770
121771
121772
121773
121774
121775
121776
121778
121780
121782
121840
121842
121844
121846
121847
121848
121849
121850
121851
121852
121853
121854
121855
121856
121857
121858
121859
121860
121862
121864
121866
121924
121926
121928
121930
121931
121932
121933
121934
121935
121936
121937
121938
121939
121940
121941
121942
121943
121944
121946
121948
121950
122015
122016
122017
122018
122019
122020
122021
122022
122023
122024
122025
122026
122027
122028
122092
122096
122099
122100
122101
122102
122103
122104
122105
122106
122107
122108
122109
122110
122111
122112
122116
122190
122194
122197
122199
122200
122201
122203
122204
122205
122206
122207
122208
122209
122210
122211
122212
122213
122214
122215
122216
122217
122218
122219
122221
122222
122223
122228
123410
123414
123415
123416
123417
123419
123420
123421
123422
123423
123424
123425
123426
123427
123428
123429
123430
123431
123432
123433
123434
123435
123437
123438
123439
123441
123442
123444
123448
123522
123526
123527
123528
123529
123530
123531
123532
123533
123534
123535
123536
123537
123538
123539
123540
123542
123546
123611
123612
123613
123614
123615
123616
123617
123618
123619
123620
123621
123622
123623
123624
123688
123690
123692
123694
123695
123696
123697
123698
123699
123700
123701
123702
123703
123704
123705
123706
123707
123708
123710
123712
123714
123772
123774
123776
123778
123779
123780
123781
123782
123783
123784
123785
123786
123787
123788
123789
123790
123791
123792
123794
123796
123798
123856
123858
123860
123862
123863
123864
123865
123866
123867
123868
123869
123870
123871
123872
123873
123874
123875
123876
123878
123880
123882
123947
123948
123949
123950
123951
123952
123953
123954
123955
123956
123957
123958
123959
123960
124024
124028
124031
124032
124033
124034
124035
124036
124037
124038
124039
124040
124041
124042
124043
124044
124048
124122
124126
124129
124131
124132
124133
124135
124136
124137
124138
124139
124140
124141
124142
124143
124144
124145
124146
124147
124148
124149
124150
124151
124153
124154
124155
124160
125342
125346
125347
125348
125349
125351
125352
125353
125354
125355
125356
125357
125358
125359
125360
125361
125362
125363
125364
125365
125366
125367
125369
125370
125371
125373
125374
125376
125380
125454
125458
125459
125460
125461
125462
125463
125464
125465
125466
125467
125468
125469
125470
125471
125472
125474
125478
125543
125544
125545
125546
125547
125548
125549
125550
125551
125552
125553
125554
125555
125556
125620
125622
125624
125626
125627
125628
125629
125630
125631
125632
125633
125634
125635
125636
125637
125638
125639
125640
125642
125644
125646
125704
125706
125708
125710
125711
125712
125713
125714
125715
125716
125717
125718
125719
125720
125721
125722
125723
125724
125726
125728
125730
125788
125790
125792
125794
125795
125796
125797
125798
125799
125800
125801
125802
125803
125804
125805
125806
125807
125808
125810
125812
125814
125879
125880
125881
125882
125883
125884
125885
125886
125887
125888
125889
125890
125891
125892
125956
125960
125963
125964
125965
125966
125967
125968
125969
125970
125971
125972
125973
125974
125975
125976
125980
126054
126058
126061
126063
126064
126065
126067
126068
126069
126070
126071
126072
126073
126074
126075
126076
126077
126078
126079
126080
126081
126082
126083
126085
126086
126087
126092
127274
127278
127279
127280
127281
127283
127284
127285
127286
127287
127288
127289
127290
127291
127292
127293
127294
127295
127296
127297
127298
127299
127301
127302
127303
127305
127306
127308
127312
127386
127390
127391
127392
127393
127394
127395
127396
127397
127398
127399
127400
127401
127402
127403
127404
127406
127410
127475
127476
127477
127478
127479
127480
127481
127482
127483
127484
127485
127486
127487
127488
127552
127554
127556
127558
127559
127560
127561
127562
127563
127564
127565
127566
127567
127568
127569
127570
127571
127572
127574
127576
127578
127636
127638
127640
127642
127643
127644
127645
127646
127647
127648
127649
127650
127651
127652
127653
127654
127655
127656
127658
127660
127662
127720
127722
127724
127726
127727
127728
127729
127730
127731
127732
127733
127734
127735
127736
127737
127738
127739
127740
127742
127744
127746
127811
127812
127813
127814
127815
127816
127817
127818
127819
127820
127821
127822
127823
127824
127888
127892
127895
127896
127897
127898
127899
127900
127901
127902
127903
127904
127905
127906
127907
127908
127912
127986
127990
127993
127995
127996
127997
127999
128000
128001
128002
128003
128004
128005
128006
128007
128008
128009
128010
128011
128012
128013
128014
128015
128017
128018
128019
128024
129206
129210
129211
129212
129213
129215
129216
129217
129218
129219
129220
129221
129222
129223
129224
129225
129226
129227
129228
129229
129230
129231
129233
129234
129235
129237
129238
129240
129244
129318
129322
129323
129324
129325
129326
129327
129328
129329
129330
129331
129332
129333
129334
129335
129336
129338
129342
129407
129408
129409
129410
129411
129412
129413
129414
129415
129416
129417
129418
129419
129420
129484
129486
129488
129490
129491
129492
129493
129494
129495
129496
129497
129498
129499
129500
129501
129502
129503
129504
129506
129508
129510
129568
129570
129572
129574
129575
129576
129577
129578
129579
129580
129581
129582
129583
129584
129585
129586
129587
129588
129590
129592
129594
129652
129654
129656
129658
129659
129660
129661
129662
129663
129664
129665
129666
129667
129668
129669
129670
129671
129672
129674
129676
129678
129743
129744
129745
129746
129747
129748
129749
129750
129751
129752
129753
129754
129755
129756
129820
129824
129827
129828
129829
129830
129831
129832
129833
129834
129835
129836
129837
129838
129839
129840
129844
129918
129922
129925
129927
129928
129929
129931
129932
129933
129934
129935
129936
129937
129938
129939
129940
129941
129942
129943
129944
129945
129946
129947
129949
129950
129951
129956
131138
131142
131143
131144
131145
131147
131148
131149
131150
131151
131152
131153
131154
131155
131156
131157
131158
131159
131160
131161
131162
131163
131165
131166
131167
131169
131170
131172
131176
131250
131254
131255
131256
131257
131258
131259
131260
131261
131262
131263
131264
131265
131266
131267
131268
131270
131274
131339
131340
131341
131342
131343
131344
131345
131346
131347
131348
131349
131350
131351
131352
131416
131418
131420
131422
131423
131424
131425
131426
131427
131428
131429
131430
131431
131432
131433
131434
131435
131436
131438
131440
131442
131500
131502
131504
131506
131507
131508
131509
131510
131511
131512
131513
131514
131515
131516
131517
131518
131519
131520
131522
131524
131526
131584
131586
131588
131590
131591
131592
131593
131594
131595
131596
131597
131598
131599
131600
131601
131602
131603
131604
131606
131608
131610
131675
131676
131677
131678
131679
131680
131681
131682
131683
131684
131685
131686
131687
131688
131752
131756
131759
131760
131761
131762
131763
131764
131765
131766
131767
131768
131769
131770
131771
131772
131776
131850
131854
131857
131859
131860
131861
131863
131864
131865
131866
131867
131868
131869
131870
131871
131872
131873
131874
131875
131876
131877
131878
131879
131881
131882
131883
131888
133070
133074
133075
133076
133077
133079
133080
133081
133082
133083
133084
133085
133086
133087
133088
133089
133090
133091
133092
133093
133094
133095
133097
133098
133099
133101
133102
133104
133108
133182
133186
133187
133188
133189
133190
133191
133192
133193
133194
133195
133196
133197
133198
133199
133200
133202
133206
133271
133272
133273
133274
133275
133276
133277
133278
133279
133280
133281
133282
133283
133284
133348
133350
133352
133354
133355
133356
133357
133358
133359
133360
133361
133362
133363
133364
133365
133366
133367
133368
133370
133372
133374
133432
133434
133436
133438
133439
133440
133441
133442
133443
133444
133445
133446
133447
133448
133449
133450
133451
133452
133454
133456
133458
133516
133518
133520
133522
133523
133524
133525
133526
133527
133528
133529
133530
133531
133532
133533
133534
133535
133536
133538
133540
133542
133607
133608
133609
133610
133611
133612
133613
133614
133615
133616
133617
133618
133619
133620
133684
133688
133691
133692
133693
133694
133695
133696
133697
133698
133699
133700
133701
133702
133703
133704
133708
133782
133786
133789
133791
133792
133793
133795
133796
133797
133798
133799
133800
133801
133802
133803
133804
133805
133806
133807
133808
133809
133810
133811
133813
133814
133815
133820
135002
135006
135007
135008
135009
135011
135012
135013
135014
135015
135016
135017
135018
135019
135020
135021
135022
135023
135024
135025
135026
135027
135029
135030
135031
135033
135034
135036
135040
135114
135118
135119
135120
135121
135122
135123
135124
135125
135126
135127
135128
135129
135130
135131
135132
135134
135138
135203
135204
135205
135206
135207
135208
135209
135210
135211
135212
135213
135214
135215
135216
135280
135282
135284
135286
135287
135288
135289
135290
135291
135292
135293
135294
135295
135296
135297
135298
135299
135300
135302
135304
135306
135364
135366
135368
135370
135371
135372
135373
135374
135375
135376
135377
135378
135379
135380
135381
135382
135383
135384
135386
135388
135390
135448
135450
135452
135454
135455
135456
135457
135458
135459
135460
135461
135462
135463
135464
135465
135466
135467
135468
135470
135472
135474
135539
135540
135541
135542
135543
135544
135545
135546
135547
135548
135549
135550
135551
135552
135616
135620
135623
135624
135625
135626
135627
135628
135629
135630
135631
135632
135633
135634
135635
135636
135640
135714
135718
135721
135723
135724
135725
135727
135728
135729
135730
135731
135732
135733
135734
135735
135736
135737
135738
135739
135740
135741
135742
135743
135745
135746
135747
135752
137732
137736
137737
137738
137739
137741
137742
137743
137744
137745
137746
137747
137748
137749
137750
137751
137752
137753
137754
137755
137756
137757
137759
137760
137761
137763
137764
137766
137770
137872
137876
137877
137878
137879
137880
137881
137882
137883
137884
137885
137886
137887
137888
137889
137890
137891
137892
137893
137894
137895
137896
137897
137898
137899
137900
137901
137902
137903
137904
137905
137906
137907
137908
137909
137910
137911
137912
137913
137914
137915
137916
137917
137918
137920
137924
138059
138060
138061
138062
138063
138064
138065
138066
138067
138068
138069
138070
138071
138072
138073
138074
138075
138076
138077
138078
138079
138080
138081
138082
138083
138084
138085
138086
138087
138088
138089
138090
138091
138092
138093
138094
138095
138096
138097
138098
138099
138100
138101
138102
138103
138104
138105
138106
138107
138108
138109
138110
138111
138112
138113
138114
138262
138264
138266
138268
138269
138270
138271
138272
138273
138274
138275
138276
138277
138278
138279
138280
138281
138282
138283
138284
138285
138286
138287
138288
138289
138290
138291
138292
138293
138294
138295
138296
138297
138298
138299
138300
138301
138302
138303
138304
138305
138306
138307
138308
138309
138310
138311
138312
138313
138314
138315
138316
138317
138318
138319
138320
138321
138322
138323
138324
138326
138328
138330
138472
138474
138476
138478
138479
138480
138481
138482
138483
138484
138485
138486
138487
138488
138489
138490
138491
138492
138493
138494
138495
138496
138497
138498
138499
138500
138501
138502
138503
138504
138505
138506
138507
138508
138509
138510
138511
138512
138513
138514
138515
138516
138517
138518
138519
138520
138521
138522
138523
138524
138525
138526
138527
138528
138529
138530
138531
138532
138533
138534
138536
138538
138540
138682
138684
138686
138688
138689
138690
138691
138692
138693
138694
138695
138696
138697
138698
138699
138700
138701
138702
138703
138704
138705
138706
138707
138708
138709
138710
138711
138712
138713
138714
138715
138716
138717
138718
138719
138720
138721
138722
138723
138724
138725
138726
138727
138728
138729
138730
138731
138732
138733
138734
138735
138736
138737
138738
138739
138740
138741
138742
138743
138744
138746
138748
138750
138899
138900
138901
138902
138903
138904
138905
138906
138907
138908
138909
138910
138911
138912
138913
138914
138915
138916
138917
138918
138919
138920
138921
138922
138923
138924
138925
138926
138927
138928
138929
138930
138931
138932
138933
138934
138935
138936
138937
138938
138939
138940
138941
138942
138943
138944
138945
138946
138947
138948
138949
138950
138951
138952
138953
138954
139088
139092
139095
139096
139097
139098
139099
139100
139101
139102
139103
139104
139105
139106
139107
139108
139109
139110
139111
139112
139113
139114
139115
139116
139117
139118
139119
139120
139121
139122
139123
139124
139125
139126
139127
139128
139129
139130
139131
139132
139133
139134
139135
139136
139140
139242
139246
139249
139251
139252
139253
139255
139256
139257
139258
139259
139260
139261
139262
139263
139264
139265
139266
139267
139268
139269
139270
139271
139273
139274
139275
139280
140488
140489
140490
140495
140496
140497
140502
140503
140504
140509
140510
140511
140586
140587
140588
140593
140594
140595
140600
140601
140602
140607
140608
140609
140614
140615
140616
140621
140622
140623
140726
140727
140728
140733
140734
140735
140740
140741
140742
140747
140748
140749
140754
140755
140756
140761
140762
140763
140768
140769
140770
140775
140776
140777
140894
140895
140896
140901
140902
140903
140908
140909
140910
140915
140916
140917
140922
140923
140924
140929
140930
140931
140936
140937
140938
140943
140944
140945
141062
141063
141064
141069
141070
141071
141076
141077
141078
141083
141084
141085
141090
141091
141092
141097
141098
141099
141104
141105
141106
141111
141112
141113
141216
141217
141218
141223
141224
141225
141230
141231
141232
141237
141238
141239
141244
141245
141246
141251
141252
141253
141328
141329
141330
141335
141336
141337
141342
141343
141344
141349
141350
141351
141923
141924
141925
141926
141927
141928
141929
141930
141931
141932
141933
141934
141935
141936
142049
142050
142051
142052
142053
142054
142055
142056
142057
142058
142059
142060
142061
142062
142637
142638
142639
142640
142641
142642
142643
142644
142645
142646
142647
142648
142649
142650
142763
142764
142765
142766
142767
142768
142769
142770
142771
142772
142773
142774
142775
142776
143351
143352
143353
143354
143355
143356
143357
143358
143359
143360
143361
143362
143363
143364
143477
143478
143479
143480
143481
143482
143483
143484
143485
143486
143487
143488
143489
143490
144065
144066
144067
144068
144069
144070
144071
144072
144073
144074
144075
144076
144077
144078
144191
144192
144193
144194
144195
144196
144197
144198
144199
144200
144201
144202
144203
144204
144779
144780
144781
144782
144783
144784
144785
144786
144787
144788
144789
144790
144791
144792
144905
144906
144907
144908
144909
144910
144911
144912
144913
144914
144915
144916
144917
144918
145493
145494
145495
145496
145497
145498
145499
145500
145501
145502
145503
145504
145505
145506
145619
145620
145621
145622
145623
145624
145625
145626
145627
145628
145629
145630
145631
145632
146207
146208
146209
146210
146211
146212
146213
146214
146215
146216
146217
146218
146219
146220
146333
146334
146335
146336
146337
146338
146339
146340
146341
146342
146343
146344
146345
146346
146921
146922
146923
146924
146925
146926
146927
146928
146929
146930
146931
146932
146933
146934
147047
147048
147049
147050
147051
147052
147053
147054
147055
147056
147057
147058
147059
147060
147635
147636
147637
147638
147639
147640
147641
147642
147643
147644
147645
147646
147647
147648
147761
147762
147763
147764
147765
147766
147767
147768
147769
147770
147771
147772
147773
147774
148349
148350
148351
148352
148353
148354
148355
148356
148357
148358
148359
148360
148361
148362
148475
148476
148477
148478
148479
148480
148481
148482
148483
148484
148485
148486
148487
148488
149063
149064
149065
149066
149067
149068
149069
149070
149071
149072
149073
149074
149075
149076
149189
149190
149191
149192
149193
149194
149195
149196
149197
149198
149199
149200
149201
149202
149777
149778
149779
149780
149781
149782
149783
149784
149785
149786
149787
149788
149789
149790
149903
149904
149905
149906
149907
149908
149909
149910
149911
149912
149913
149914
149915
149916
150491
150492
150493
150494
150495
150496
150497
150498
150499
150500
150501
150502
150503
150504
150617
150618
150619
150620
150621
150622
150623
150624
150625
150626
150627
150628
150629
150630
151205
151206
151207
151208
151209
151210
151211
151212
151213
151214
151215
151216
151217
151218
151331
151332
151333
151334
151335
151336
151337
151338
151339
151340
151341
151342
151343
151344
151919
151920
151921
151922
151923
151924
151925
151926
151927
151928
151929
151930
151931
151932
152045
152046
152047
152048
152049
152050
152051
152052
152053
152054
152055
152056
152057
152058
152633
152634
152635
152636
152637
152638
152639
152640
152641
152642
152643
152644
152645
152646
152759
152760
152761
152762
152763
152764
152765
152766
152767
152768
152769
152770
152771
152772
153347
153348
153349
153350
153351
153352
153353
153354
153355
153356
153357
153358
153359
153360
153473
153474
153475
153476
153477
153478
153479
153480
153481
153482
153483
153484
153485
153486
154061
154062
154063
154064
154065
154066
154067
154068
154069
154070
154071
154072
154073
154074
154187
154188
154189
154190
154191
154192
154193
154194
154195
154196
154197
154198
154199
154200
154775
154776
154777
154778
154779
154780
154781
154782
154783
154784
154785
154786
154787
154788
154901
154902
154903
154904
154905
154906
154907
154908
154909
154910
154911
154912
154913
154914
155489
155490
155491
155492
155493
155494
155495
155496
155497
155498
155499
155500
155501
155502
155615
155616
155617
155618
155619
155620
155621
155622
155623
155624
155625
155626
155627
155628
156203
156204
156205
156206
156207
156208
156209
156210
156211
156212
156213
156214
156215
156216
156329
156330
156331
156332
156333
156334
156335
156336
156337
156338
156339
156340
156341
156342
156917
156918
156919
156920
156921
156922
156923
156924
156925
156926
156927
156928
156929
156930
157043
157044
157045
157046
157047
157048
157049
157050
157051
157052
157053
157054
157055
157056
157631
157632
157633
157634
157635
157636
157637
157638
157639
157640
157641
157642
157643
157644
157757
157758
157759
157760
157761
157762
157763
157764
157765
157766
157767
157768
157769
157770
158345
158346
158347
158348
158349
158350
158351
158352
158353
158354
158355
158356
158357
158358
158471
158472
158473
158474
158475
158476
158477
158478
158479
158480
158481
158482
158483
158484
159059
159060
159061
159062
159063
159064
159065
159066
159067
159068
159069
159070
159071
159072
159185
159186
159187
159188
159189
159190
159191
159192
159193
159194
159195
159196
159197
159198
159773
159774
159775
159776
159777
159778
159779
159780
159781
159782
159783
159784
159785
159786
159899
159900
159901
159902
159903
159904
159905
159906
159907
159908
159909
159910
159911
159912
160487
160488
160489
160490
160491
160492
160493
160494
160495
160496
160497
160498
160499
160500
160613
160614
160615
160616
160617
160618
160619
160620
160621
160622
160623
160624
160625
160626
161201
161202
161203
161204
161205
161206
161207
161208
161209
161210
161211
161212
161213
161214
161327
161328
161329
161330
161331
161332
161333
161334
161335
161336
161337
161338
161339
161340
161915
161916
161917
161918
161919
161920
161921
161922
161923
161924
161925
161926
161927
161928
162041
162042
162043
162044
162045
162046
162047
162048
162049
162050
162051
162052
162053
162054
162629
162630
162631
162632
162633
162634
162635
162636
162637
162638
162639
162640
162641
162642
162755
162756
162757
162758
162759
162760
162761
162762
162763
162764
162765
162766
162767
162768
163343
163344
163345
163346
163347
163348
163349
163350
163351
163352
163353
163354
163355
163356
163469
163470
163471
163472
163473
163474
163475
163476
163477
163478
163479
163480
163481
163482
)


// ************************************************************************* //
