/*--------------------------------*- C++ -*----------------------------------*\
| =========                 |                                                 |
| \\      /  F ield         | OpenFOAM: The Open Source CFD Toolbox           |
|  \\    /   O peration     | Version:  2606                                  |
|   \\  /    A nd           | Website:  www.openfoam.com                      |
|    \\/     M anipulation  |                                                 |
\*---------------------------------------------------------------------------*/
FoamFile
{
    version     2.0;
    format      ascii;
    arch        "LSB;label=32;scalar=64";
    class       labelList;
    location    "constant/cell4/polyMesh";
    object      pointRegionAddressing;
}
// * * * * * * * * * * * * * * * * * * * * * * * * * * * * * * * * * * * * * //


13138
(
1136
1137
1138
1225
1226
1227
1228
1229
1230
1231
1315
1316
1317
1318
1319
1320
1321
1322
1323
1406
1407
1408
1409
1410
1411
1412
1413
1414
1497
1498
1499
1500
1501
1502
1503
1504
1505
1588
1589
1590
1591
1592
1593
1594
1595
1596
1679
1680
1681
1682
1683
1684
1685
1686
1687
1770
1771
1772
1773
1774
1775
1776
1777
1778
1862
1863
1864
1865
1866
1867
1868
1955
1956
1957
3320
3321
3322
3409
3410
3411
3412
3413
3414
3415
3499
3500
3501
3502
3503
3504
3505
3506
3507
3590
3591
3592
3593
3594
3595
3596
3597
3598
3681
3682
3683
3684
3685
3686
3687
3688
3689
3772
3773
3774
3775
3776
3777
3778
3779
3780
3863
3864
3865
3866
3867
3868
3869
3870
3871
3954
3955
3956
3957
3958
3959
3960
3961
3962
4046
4047
4048
4049
4050
4051
4052
4139
4140
4141
5504
5505
5506
5593
5594
5595
5596
5597
5598
5599
5683
5684
5685
5686
5687
5688
5689
5690
5691
5774
5775
5776
5777
5778
5779
5780
5781
5782
5865
5866
5867
5868
5869
5870
5871
5872
5873
5956
5957
5958
5959
5960
5961
5962
5963
5964
6047
6048
6049
6050
6051
6052
6053
6054
6055
6138
6139
6140
6141
6142
6143
6144
6145
6146
6230
6231
6232
6233
6234
6235
6236
6323
6324
6325
7688
7689
7690
7777
7778
7779
7780
7781
7782
7783
7867
7868
7869
7870
7871
7872
7873
7874
7875
7958
7959
7960
7961
7962
7963
7964
7965
7966
8049
8050
8051
8052
8053
8054
8055
8056
8057
8140
8141
8142
8143
8144
8145
8146
8147
8148
8231
8232
8233
8234
8235
8236
8237
8238
8239
8322
8323
8324
8325
8326
8327
8328
8329
8330
8414
8415
8416
8417
8418
8419
8420
8507
8508
8509
9872
9873
9874
9961
9962
9963
9964
9965
9966
9967
10051
10052
10053
10054
10055
10056
10057
10058
10059
10142
10143
10144
10145
10146
10147
10148
10149
10150
10233
10234
10235
10236
10237
10238
10239
10240
10241
10324
10325
10326
10327
10328
10329
10330
10331
10332
10415
10416
10417
10418
10419
10420
10421
10422
10423
10506
10507
10508
10509
10510
10511
10512
10513
10514
10598
10599
10600
10601
10602
10603
10604
10691
10692
10693
12056
12057
12058
12145
12146
12147
12148
12149
12150
12151
12235
12236
12237
12238
12239
12240
12241
12242
12243
12326
12327
12328
12329
12330
12331
12332
12333
12334
12417
12418
12419
12420
12421
12422
12423
12424
12425
12508
12509
12510
12511
12512
12513
12514
12515
12516
12599
12600
12601
12602
12603
12604
12605
12606
12607
12690
12691
12692
12693
12694
12695
12696
12697
12698
12782
12783
12784
12785
12786
12787
12788
12875
12876
12877
14240
14241
14242
14329
14330
14331
14332
14333
14334
14335
14419
14420
14421
14422
14423
14424
14425
14426
14427
14510
14511
14512
14513
14514
14515
14516
14517
14518
14601
14602
14603
14604
14605
14606
14607
14608
14609
14692
14693
14694
14695
14696
14697
14698
14699
14700
14783
14784
14785
14786
14787
14788
14789
14790
14791
14874
14875
14876
14877
14878
14879
14880
14881
14882
14966
14967
14968
14969
14970
14971
14972
15059
15060
15061
16424
16425
16426
16513
16514
16515
16516
16517
16518
16519
16603
16604
16605
16606
16607
16608
16609
16610
16611
16694
16695
16696
16697
16698
16699
16700
16701
16702
16785
16786
16787
16788
16789
16790
16791
16792
16793
16876
16877
16878
16879
16880
16881
16882
16883
16884
16967
16968
16969
16970
16971
16972
16973
16974
16975
17058
17059
17060
17061
17062
17063
17064
17065
17066
17150
17151
17152
17153
17154
17155
17156
17243
17244
17245
18608
18609
18610
18697
18698
18699
18700
18701
18702
18703
18787
18788
18789
18790
18791
18792
18793
18794
18795
18878
18879
18880
18881
18882
18883
18884
18885
18886
18969
18970
18971
18972
18973
18974
18975
18976
18977
19060
19061
19062
19063
19064
19065
19066
19067
19068
19151
19152
19153
19154
19155
19156
19157
19158
19159
19242
19243
19244
19245
19246
19247
19248
19249
19250
19334
19335
19336
19337
19338
19339
19340
19427
19428
19429
20792
20793
20794
20881
20882
20883
20884
20885
20886
20887
20971
20972
20973
20974
20975
20976
20977
20978
20979
21062
21063
21064
21065
21066
21067
21068
21069
21070
21153
21154
21155
21156
21157
21158
21159
21160
21161
21244
21245
21246
21247
21248
21249
21250
21251
21252
21335
21336
21337
21338
21339
21340
21341
21342
21343
21426
21427
21428
21429
21430
21431
21432
21433
21434
21518
21519
21520
21521
21522
21523
21524
21611
21612
21613
22976
22977
22978
23065
23066
23067
23068
23069
23070
23071
23155
23156
23157
23158
23159
23160
23161
23162
23163
23246
23247
23248
23249
23250
23251
23252
23253
23254
23337
23338
23339
23340
23341
23342
23343
23344
23345
23428
23429
23430
23431
23432
23433
23434
23435
23436
23519
23520
23521
23522
23523
23524
23525
23526
23527
23610
23611
23612
23613
23614
23615
23616
23617
23618
23702
23703
23704
23705
23706
23707
23708
23795
23796
23797
25160
25161
25162
25249
25250
25251
25252
25253
25254
25255
25339
25340
25341
25342
25343
25344
25345
25346
25347
25430
25431
25432
25433
25434
25435
25436
25437
25438
25521
25522
25523
25524
25525
25526
25527
25528
25529
25612
25613
25614
25615
25616
25617
25618
25619
25620
25703
25704
25705
25706
25707
25708
25709
25710
25711
25794
25795
25796
25797
25798
25799
25800
25801
25802
25886
25887
25888
25889
25890
25891
25892
25979
25980
25981
27344
27345
27346
27433
27434
27435
27436
27437
27438
27439
27523
27524
27525
27526
27527
27528
27529
27530
27531
27614
27615
27616
27617
27618
27619
27620
27621
27622
27705
27706
27707
27708
27709
27710
27711
27712
27713
27796
27797
27798
27799
27800
27801
27802
27803
27804
27887
27888
27889
27890
27891
27892
27893
27894
27895
27978
27979
27980
27981
27982
27983
27984
27985
27986
28070
28071
28072
28073
28074
28075
28076
28163
28164
28165
29528
29529
29530
29617
29618
29619
29620
29621
29622
29623
29707
29708
29709
29710
29711
29712
29713
29714
29715
29798
29799
29800
29801
29802
29803
29804
29805
29806
29889
29890
29891
29892
29893
29894
29895
29896
29897
29980
29981
29982
29983
29984
29985
29986
29987
29988
30071
30072
30073
30074
30075
30076
30077
30078
30079
30162
30163
30164
30165
30166
30167
30168
30169
30170
30254
30255
30256
30257
30258
30259
30260
30347
30348
30349
31712
31713
31714
31801
31802
31803
31804
31805
31806
31807
31891
31892
31893
31894
31895
31896
31897
31898
31899
31982
31983
31984
31985
31986
31987
31988
31989
31990
32073
32074
32075
32076
32077
32078
32079
32080
32081
32164
32165
32166
32167
32168
32169
32170
32171
32172
32255
32256
32257
32258
32259
32260
32261
32262
32263
32346
32347
32348
32349
32350
32351
32352
32353
32354
32438
32439
32440
32441
32442
32443
32444
32531
32532
32533
33896
33897
33898
33985
33986
33987
33988
33989
33990
33991
34075
34076
34077
34078
34079
34080
34081
34082
34083
34166
34167
34168
34169
34170
34171
34172
34173
34174
34257
34258
34259
34260
34261
34262
34263
34264
34265
34348
34349
34350
34351
34352
34353
34354
34355
34356
34439
34440
34441
34442
34443
34444
34445
34446
34447
34530
34531
34532
34533
34534
34535
34536
34537
34538
34622
34623
34624
34625
34626
34627
34628
34715
34716
34717
36080
36081
36082
36169
36170
36171
36172
36173
36174
36175
36259
36260
36261
36262
36263
36264
36265
36266
36267
36350
36351
36352
36353
36354
36355
36356
36357
36358
36441
36442
36443
36444
36445
36446
36447
36448
36449
36532
36533
36534
36535
36536
36537
36538
36539
36540
36623
36624
36625
36626
36627
36628
36629
36630
36631
36714
36715
36716
36717
36718
36719
36720
36721
36722
36806
36807
36808
36809
36810
36811
36812
36899
36900
36901
38264
38265
38266
38353
38354
38355
38356
38357
38358
38359
38443
38444
38445
38446
38447
38448
38449
38450
38451
38534
38535
38536
38537
38538
38539
38540
38541
38542
38625
38626
38627
38628
38629
38630
38631
38632
38633
38716
38717
38718
38719
38720
38721
38722
38723
38724
38807
38808
38809
38810
38811
38812
38813
38814
38815
38898
38899
38900
38901
38902
38903
38904
38905
38906
38990
38991
38992
38993
38994
38995
38996
39083
39084
39085
40448
40449
40450
40537
40538
40539
40540
40541
40542
40543
40627
40628
40629
40630
40631
40632
40633
40634
40635
40718
40719
40720
40721
40722
40723
40724
40725
40726
40809
40810
40811
40812
40813
40814
40815
40816
40817
40900
40901
40902
40903
40904
40905
40906
40907
40908
40991
40992
40993
40994
40995
40996
40997
40998
40999
41082
41083
41084
41085
41086
41087
41088
41089
41090
41174
41175
41176
41177
41178
41179
41180
41267
41268
41269
42632
42633
42634
42721
42722
42723
42724
42725
42726
42727
42811
42812
42813
42814
42815
42816
42817
42818
42819
42902
42903
42904
42905
42906
42907
42908
42909
42910
42993
42994
42995
42996
42997
42998
42999
43000
43001
43084
43085
43086
43087
43088
43089
43090
43091
43092
43175
43176
43177
43178
43179
43180
43181
43182
43183
43266
43267
43268
43269
43270
43271
43272
43273
43274
43358
43359
43360
43361
43362
43363
43364
43451
43452
43453
44816
44817
44818
44905
44906
44907
44908
44909
44910
44911
44995
44996
44997
44998
44999
45000
45001
45002
45003
45086
45087
45088
45089
45090
45091
45092
45093
45094
45177
45178
45179
45180
45181
45182
45183
45184
45185
45268
45269
45270
45271
45272
45273
45274
45275
45276
45359
45360
45361
45362
45363
45364
45365
45366
45367
45450
45451
45452
45453
45454
45455
45456
45457
45458
45542
45543
45544
45545
45546
45547
45548
45635
45636
45637
47000
47001
47002
47089
47090
47091
47092
47093
47094
47095
47179
47180
47181
47182
47183
47184
47185
47186
47187
47270
47271
47272
47273
47274
47275
47276
47277
47278
47361
47362
47363
47364
47365
47366
47367
47368
47369
47452
47453
47454
47455
47456
47457
47458
47459
47460
47543
47544
47545
47546
47547
47548
47549
47550
47551
47634
47635
47636
47637
47638
47639
47640
47641
47642
47726
47727
47728
47729
47730
47731
47732
47819
47820
47821
49184
49185
49186
49273
49274
49275
49276
49277
49278
49279
49363
49364
49365
49366
49367
49368
49369
49370
49371
49454
49455
49456
49457
49458
49459
49460
49461
49462
49545
49546
49547
49548
49549
49550
49551
49552
49553
49636
49637
49638
49639
49640
49641
49642
49643
49644
49727
49728
49729
49730
49731
49732
49733
49734
49735
49818
49819
49820
49821
49822
49823
49824
49825
49826
49910
49911
49912
49913
49914
49915
49916
50003
50004
50005
51368
51369
51370
51457
51458
51459
51460
51461
51462
51463
51547
51548
51549
51550
51551
51552
51553
51554
51555
51638
51639
51640
51641
51642
51643
51644
51645
51646
51729
51730
51731
51732
51733
51734
51735
51736
51737
51820
51821
51822
51823
51824
51825
51826
51827
51828
51911
51912
51913
51914
51915
51916
51917
51918
51919
52002
52003
52004
52005
52006
52007
52008
52009
52010
52094
52095
52096
52097
52098
52099
52100
52187
52188
52189
53552
53553
53554
53641
53642
53643
53644
53645
53646
53647
53731
53732
53733
53734
53735
53736
53737
53738
53739
53822
53823
53824
53825
53826
53827
53828
53829
53830
53913
53914
53915
53916
53917
53918
53919
53920
53921
54004
54005
54006
54007
54008
54009
54010
54011
54012
54095
54096
54097
54098
54099
54100
54101
54102
54103
54186
54187
54188
54189
54190
54191
54192
54193
54194
54278
54279
54280
54281
54282
54283
54284
54371
54372
54373
55736
55737
55738
55825
55826
55827
55828
55829
55830
55831
55915
55916
55917
55918
55919
55920
55921
55922
55923
56006
56007
56008
56009
56010
56011
56012
56013
56014
56097
56098
56099
56100
56101
56102
56103
56104
56105
56188
56189
56190
56191
56192
56193
56194
56195
56196
56279
56280
56281
56282
56283
56284
56285
56286
56287
56370
56371
56372
56373
56374
56375
56376
56377
56378
56462
56463
56464
56465
56466
56467
56468
56555
56556
56557
57920
57921
57922
58009
58010
58011
58012
58013
58014
58015
58099
58100
58101
58102
58103
58104
58105
58106
58107
58190
58191
58192
58193
58194
58195
58196
58197
58198
58281
58282
58283
58284
58285
58286
58287
58288
58289
58372
58373
58374
58375
58376
58377
58378
58379
58380
58463
58464
58465
58466
58467
58468
58469
58470
58471
58554
58555
58556
58557
58558
58559
58560
58561
58562
58646
58647
58648
58649
58650
58651
58652
58739
58740
58741
60104
60105
60106
60193
60194
60195
60196
60197
60198
60199
60283
60284
60285
60286
60287
60288
60289
60290
60291
60374
60375
60376
60377
60378
60379
60380
60381
60382
60465
60466
60467
60468
60469
60470
60471
60472
60473
60556
60557
60558
60559
60560
60561
60562
60563
60564
60647
60648
60649
60650
60651
60652
60653
60654
60655
60738
60739
60740
60741
60742
60743
60744
60745
60746
60830
60831
60832
60833
60834
60835
60836
60923
60924
60925
62288
62289
62290
62377
62378
62379
62380
62381
62382
62383
62467
62468
62469
62470
62471
62472
62473
62474
62475
62558
62559
62560
62561
62562
62563
62564
62565
62566
62649
62650
62651
62652
62653
62654
62655
62656
62657
62740
62741
62742
62743
62744
62745
62746
62747
62748
62831
62832
62833
62834
62835
62836
62837
62838
62839
62922
62923
62924
62925
62926
62927
62928
62929
62930
63014
63015
63016
63017
63018
63019
63020
63107
63108
63109
64472
64473
64474
64561
64562
64563
64564
64565
64566
64567
64651
64652
64653
64654
64655
64656
64657
64658
64659
64742
64743
64744
64745
64746
64747
64748
64749
64750
64833
64834
64835
64836
64837
64838
64839
64840
64841
64924
64925
64926
64927
64928
64929
64930
64931
64932
65015
65016
65017
65018
65019
65020
65021
65022
65023
65106
65107
65108
65109
65110
65111
65112
65113
65114
65198
65199
65200
65201
65202
65203
65204
65291
65292
65293
66656
66657
66658
66745
66746
66747
66748
66749
66750
66751
66835
66836
66837
66838
66839
66840
66841
66842
66843
66926
66927
66928
66929
66930
66931
66932
66933
66934
67017
67018
67019
67020
67021
67022
67023
67024
67025
67108
67109
67110
67111
67112
67113
67114
67115
67116
67199
67200
67201
67202
67203
67204
67205
67206
67207
67290
67291
67292
67293
67294
67295
67296
67297
67298
67382
67383
67384
67385
67386
67387
67388
67475
67476
67477
68840
68841
68842
68929
68930
68931
68932
68933
68934
68935
69019
69020
69021
69022
69023
69024
69025
69026
69027
69110
69111
69112
69113
69114
69115
69116
69117
69118
69201
69202
69203
69204
69205
69206
69207
69208
69209
69292
69293
69294
69295
69296
69297
69298
69299
69300
69383
69384
69385
69386
69387
69388
69389
69390
69391
69474
69475
69476
69477
69478
69479
69480
69481
69482
69566
69567
69568
69569
69570
69571
69572
69659
69660
69661
71024
71025
71026
71113
71114
71115
71116
71117
71118
71119
71203
71204
71205
71206
71207
71208
71209
71210
71211
71294
71295
71296
71297
71298
71299
71300
71301
71302
71385
71386
71387
71388
71389
71390
71391
71392
71393
71476
71477
71478
71479
71480
71481
71482
71483
71484
71567
71568
71569
71570
71571
71572
71573
71574
71575
71658
71659
71660
71661
71662
71663
71664
71665
71666
71750
71751
71752
71753
71754
71755
71756
71843
71844
71845
80918
80919
80920
80921
80922
80923
80934
80935
80936
80937
80947
80948
80956
80957
80962
80963
80968
80969
80977
80978
80988
80989
80990
80991
81002
81003
81004
81005
81006
81007
81528
81529
81531
81532
81533
81534
81535
81536
81537
81538
81539
81541
81591
81592
81593
81594
81595
81596
81597
81598
81599
81600
81601
81602
81603
81604
81605
81607
81608
81655
81656
81657
81658
81659
81660
81661
81662
81663
81664
81665
81666
81668
81669
81702
81705
81706
81707
81708
81709
81710
81711
81712
81713
81736
81739
81740
81741
81742
81743
81762
81765
81766
81767
81768
81769
81794
81797
81798
81799
81800
81801
81802
81803
81804
81805
81806
81807
81845
81847
81848
81849
81850
81851
81852
81853
81854
81855
81856
81857
81858
81861
81908
81910
81911
81912
81913
81914
81915
81916
81917
81918
81919
81920
81921
81922
81923
81924
81925
81928
81969
81971
81972
81973
81974
81975
81976
82698
82699
82700
82701
82702
82703
82714
82715
82716
82717
82727
82728
82736
82737
82742
82743
82748
82749
82757
82758
82768
82769
82770
82771
82782
82783
82784
82785
82786
82787
83199
83200
83201
83202
83238
83239
83241
83242
83244
83245
83247
83248
83250
83251
83254
83296
83297
83299
83300
83302
83303
83304
83307
83340
83341
83343
83344
83346
83347
83348
83351
83374
83375
83377
83379
83396
83397
83399
83401
83420
83421
83423
83424
83425
83427
83454
83457
83458
83460
83461
83462
83463
83464
83503
83506
83507
83509
83510
83511
83512
83513
83514
83515
83558
83561
83562
83564
83565
83567
83568
83570
83571
83775
83776
83777
83778
83779
83780
83791
83792
83793
83794
83804
83805
83815
83816
83817
83818
83827
83828
83829
83830
83839
83840
83841
83842
83852
83853
83863
83864
83865
83866
83877
83878
83879
83880
83881
83882
84051
84052
84053
84054
84055
84056
84067
84068
84069
84070
84080
84081
84091
84092
84093
84094
84103
84104
84105
84106
84115
84116
84117
84118
84128
84129
84139
84140
84141
84142
84153
84154
84155
84156
84157
84158
84327
84328
84329
84330
84331
84332
84343
84344
84345
84346
84356
84357
84367
84368
84369
84370
84379
84380
84381
84382
84391
84392
84393
84394
84404
84405
84415
84416
84417
84418
84429
84430
84431
84432
84433
84434
84603
84604
84605
84606
84607
84608
84619
84620
84621
84622
84632
84633
84643
84644
84645
84646
84655
84656
84657
84658
84667
84668
84669
84670
84680
84681
84691
84692
84693
84694
84705
84706
84707
84708
84709
84710
84879
84880
84881
84882
84883
84884
84895
84896
84897
84898
84908
84909
84919
84920
84921
84922
84931
84932
84933
84934
84943
84944
84945
84946
84956
84957
84967
84968
84969
84970
84981
84982
84983
84984
84985
84986
85155
85156
85157
85158
85159
85160
85171
85172
85173
85174
85184
85185
85195
85196
85197
85198
85207
85208
85209
85210
85219
85220
85221
85222
85232
85233
85243
85244
85245
85246
85257
85258
85259
85260
85261
85262
85431
85432
85433
85434
85435
85436
85447
85448
85449
85450
85460
85461
85471
85472
85473
85474
85483
85484
85485
85486
85495
85496
85497
85498
85508
85509
85519
85520
85521
85522
85533
85534
85535
85536
85537
85538
85707
85708
85709
85710
85711
85712
85723
85724
85725
85726
85736
85737
85747
85748
85749
85750
85759
85760
85761
85762
85771
85772
85773
85774
85784
85785
85795
85796
85797
85798
85809
85810
85811
85812
85813
85814
85983
85984
85985
85986
85987
85988
85999
86000
86001
86002
86012
86013
86023
86024
86025
86026
86035
86036
86037
86038
86047
86048
86049
86050
86060
86061
86071
86072
86073
86074
86085
86086
86087
86088
86089
86090
86259
86260
86261
86262
86263
86264
86275
86276
86277
86278
86288
86289
86299
86300
86301
86302
86311
86312
86313
86314
86323
86324
86325
86326
86336
86337
86347
86348
86349
86350
86361
86362
86363
86364
86365
86366
86535
86536
86537
86538
86539
86540
86551
86552
86553
86554
86564
86565
86575
86576
86577
86578
86587
86588
86589
86590
86599
86600
86601
86602
86612
86613
86623
86624
86625
86626
86637
86638
86639
86640
86641
86642
86811
86812
86813
86814
86815
86816
86827
86828
86829
86830
86840
86841
86851
86852
86853
86854
86863
86864
86865
86866
86875
86876
86877
86878
86888
86889
86899
86900
86901
86902
86913
86914
86915
86916
86917
86918
87087
87088
87089
87090
87091
87092
87103
87104
87105
87106
87116
87117
87127
87128
87129
87130
87139
87140
87141
87142
87151
87152
87153
87154
87164
87165
87175
87176
87177
87178
87189
87190
87191
87192
87193
87194
87363
87364
87365
87366
87367
87368
87379
87380
87381
87382
87392
87393
87403
87404
87405
87406
87415
87416
87417
87418
87427
87428
87429
87430
87440
87441
87451
87452
87453
87454
87465
87466
87467
87468
87469
87470
87639
87640
87641
87642
87643
87644
87655
87656
87657
87658
87668
87669
87679
87680
87681
87682
87691
87692
87693
87694
87703
87704
87705
87706
87716
87717
87727
87728
87729
87730
87741
87742
87743
87744
87745
87746
87915
87916
87917
87918
87919
87920
87931
87932
87933
87934
87944
87945
87955
87956
87957
87958
87967
87968
87969
87970
87979
87980
87981
87982
87992
87993
88003
88004
88005
88006
88017
88018
88019
88020
88021
88022
88191
88192
88193
88194
88195
88196
88207
88208
88209
88210
88220
88221
88231
88232
88233
88234
88243
88244
88245
88246
88255
88256
88257
88258
88268
88269
88279
88280
88281
88282
88293
88294
88295
88296
88297
88298
88467
88468
88469
88470
88471
88472
88483
88484
88485
88486
88496
88497
88507
88508
88509
88510
88519
88520
88521
88522
88531
88532
88533
88534
88544
88545
88555
88556
88557
88558
88569
88570
88571
88572
88573
88574
88743
88744
88745
88746
88747
88748
88759
88760
88761
88762
88772
88773
88783
88784
88785
88786
88795
88796
88797
88798
88807
88808
88809
88810
88820
88821
88831
88832
88833
88834
88845
88846
88847
88848
88849
88850
89019
89020
89021
89022
89023
89024
89035
89036
89037
89038
89048
89049
89059
89060
89061
89062
89071
89072
89073
89074
89083
89084
89085
89086
89096
89097
89107
89108
89109
89110
89121
89122
89123
89124
89125
89126
89295
89296
89297
89298
89299
89300
89311
89312
89313
89314
89324
89325
89335
89336
89337
89338
89347
89348
89349
89350
89359
89360
89361
89362
89372
89373
89383
89384
89385
89386
89397
89398
89399
89400
89401
89402
89571
89572
89573
89574
89575
89576
89587
89588
89589
89590
89600
89601
89611
89612
89613
89614
89623
89624
89625
89626
89635
89636
89637
89638
89648
89649
89659
89660
89661
89662
89673
89674
89675
89676
89677
89678
89847
89848
89849
89850
89851
89852
89863
89864
89865
89866
89876
89877
89887
89888
89889
89890
89899
89900
89901
89902
89911
89912
89913
89914
89924
89925
89935
89936
89937
89938
89949
89950
89951
89952
89953
89954
90123
90124
90125
90126
90127
90128
90139
90140
90141
90142
90152
90153
90163
90164
90165
90166
90175
90176
90177
90178
90187
90188
90189
90190
90200
90201
90211
90212
90213
90214
90225
90226
90227
90228
90229
90230
90399
90400
90401
90402
90403
90404
90415
90416
90417
90418
90428
90429
90439
90440
90441
90442
90451
90452
90453
90454
90463
90464
90465
90466
90476
90477
90487
90488
90489
90490
90501
90502
90503
90504
90505
90506
90675
90676
90677
90678
90679
90680
90691
90692
90693
90694
90704
90705
90715
90716
90717
90718
90727
90728
90729
90730
90739
90740
90741
90742
90752
90753
90763
90764
90765
90766
90777
90778
90779
90780
90781
90782
90951
90952
90953
90954
90955
90956
90967
90968
90969
90970
90980
90981
90991
90992
90993
90994
91003
91004
91005
91006
91015
91016
91017
91018
91028
91029
91039
91040
91041
91042
91053
91054
91055
91056
91057
91058
91227
91228
91229
91230
91231
91232
91243
91244
91245
91246
91256
91257
91267
91268
91269
91270
91279
91280
91281
91282
91291
91292
91293
91294
91304
91305
91315
91316
91317
91318
91329
91330
91331
91332
91333
91334
91503
91504
91505
91506
91507
91508
91519
91520
91521
91522
91532
91533
91543
91544
91545
91546
91555
91556
91557
91558
91567
91568
91569
91570
91580
91581
91591
91592
91593
91594
91605
91606
91607
91608
91609
91610
91779
91780
91781
91782
91783
91784
91795
91796
91797
91798
91808
91809
91819
91820
91821
91822
91831
91832
91833
91834
91843
91844
91845
91846
91856
91857
91867
91868
91869
91870
91881
91882
91883
91884
91885
91886
92055
92056
92057
92058
92059
92060
92071
92072
92073
92074
92084
92085
92095
92096
92097
92098
92107
92108
92109
92110
92119
92120
92121
92122
92132
92133
92143
92144
92145
92146
92157
92158
92159
92160
92161
92162
92445
92446
92447
92448
92449
92450
92465
92466
92467
92468
92469
92470
92471
92472
92492
92493
92494
92495
92496
92497
92498
92499
92521
92522
92523
92524
92525
92526
92527
92528
92529
92530
92551
92552
92553
92554
92555
92556
92557
92558
92559
92560
92581
92582
92583
92584
92585
92586
92587
92588
92589
92590
92612
92613
92614
92615
92616
92617
92618
92619
92639
92640
92641
92642
92643
92644
92645
92646
92661
92662
92663
92664
92665
92666
92839
92840
92841
92842
92853
92854
92855
92856
92857
92858
92873
92874
92875
92876
92877
92878
92879
92880
92897
92898
92899
92900
92901
92902
92903
92904
92921
92922
92923
92924
92925
92926
92927
92928
92943
92944
92945
92946
92947
92948
92959
92960
92961
92962
93589
93590
93592
93593
93594
93595
93596
93597
93598
93599
93600
93602
93652
93653
93654
93655
93656
93657
93658
93659
93660
93661
93662
93663
93664
93665
93666
93668
93669
93716
93717
93718
93719
93720
93721
93722
93723
93724
93725
93726
93727
93729
93730
93765
93768
93769
93770
93771
93772
93773
93774
93775
93776
93777
93778
93809
93812
93813
93814
93815
93816
93817
93818
93819
93820
93821
93822
93853
93856
93857
93858
93859
93860
93861
93862
93863
93864
93865
93866
93897
93900
93901
93902
93903
93904
93905
93906
93907
93908
93909
93910
93948
93950
93951
93952
93953
93954
93955
93956
93957
93958
93959
93960
93961
93964
94011
94013
94014
94015
94016
94017
94018
94019
94020
94021
94022
94023
94024
94025
94026
94027
94028
94031
94077
94080
94082
94083
94085
94086
94088
94748
94749
94751
94752
94753
94754
94755
94756
94757
94758
94759
94761
94811
94812
94813
94814
94815
94816
94817
94818
94819
94820
94821
94822
94823
94824
94825
94827
94828
94875
94876
94877
94878
94879
94880
94881
94882
94883
94884
94885
94886
94888
94889
94924
94927
94928
94929
94930
94931
94932
94933
94934
94935
94936
94937
94968
94971
94972
94973
94974
94975
94976
94977
94978
94979
94980
94981
95012
95015
95016
95017
95018
95019
95020
95021
95022
95023
95024
95025
95056
95059
95060
95061
95062
95063
95064
95065
95066
95067
95068
95069
95107
95109
95110
95111
95112
95113
95114
95115
95116
95117
95118
95119
95120
95123
95170
95172
95173
95174
95175
95176
95177
95178
95179
95180
95181
95182
95183
95184
95185
95186
95187
95190
95236
95239
95241
95242
95244
95245
95247
95907
95908
95910
95911
95912
95913
95914
95915
95916
95917
95918
95920
95970
95971
95972
95973
95974
95975
95976
95977
95978
95979
95980
95981
95982
95983
95984
95986
95987
96034
96035
96036
96037
96038
96039
96040
96041
96042
96043
96044
96045
96047
96048
96083
96086
96087
96088
96089
96090
96091
96092
96093
96094
96095
96096
96127
96130
96131
96132
96133
96134
96135
96136
96137
96138
96139
96140
96171
96174
96175
96176
96177
96178
96179
96180
96181
96182
96183
96184
96215
96218
96219
96220
96221
96222
96223
96224
96225
96226
96227
96228
96266
96268
96269
96270
96271
96272
96273
96274
96275
96276
96277
96278
96279
96282
96329
96331
96332
96333
96334
96335
96336
96337
96338
96339
96340
96341
96342
96343
96344
96345
96346
96349
96395
96398
96400
96401
96403
96404
96406
97066
97067
97069
97070
97071
97072
97073
97074
97075
97076
97077
97079
97129
97130
97131
97132
97133
97134
97135
97136
97137
97138
97139
97140
97141
97142
97143
97145
97146
97193
97194
97195
97196
97197
97198
97199
97200
97201
97202
97203
97204
97206
97207
97242
97245
97246
97247
97248
97249
97250
97251
97252
97253
97254
97255
97286
97289
97290
97291
97292
97293
97294
97295
97296
97297
97298
97299
97330
97333
97334
97335
97336
97337
97338
97339
97340
97341
97342
97343
97374
97377
97378
97379
97380
97381
97382
97383
97384
97385
97386
97387
97425
97427
97428
97429
97430
97431
97432
97433
97434
97435
97436
97437
97438
97441
97488
97490
97491
97492
97493
97494
97495
97496
97497
97498
97499
97500
97501
97502
97503
97504
97505
97508
97554
97557
97559
97560
97562
97563
97565
98225
98226
98228
98229
98230
98231
98232
98233
98234
98235
98236
98238
98288
98289
98290
98291
98292
98293
98294
98295
98296
98297
98298
98299
98300
98301
98302
98304
98305
98352
98353
98354
98355
98356
98357
98358
98359
98360
98361
98362
98363
98365
98366
98401
98404
98405
98406
98407
98408
98409
98410
98411
98412
98413
98414
98445
98448
98449
98450
98451
98452
98453
98454
98455
98456
98457
98458
98489
98492
98493
98494
98495
98496
98497
98498
98499
98500
98501
98502
98533
98536
98537
98538
98539
98540
98541
98542
98543
98544
98545
98546
98584
98586
98587
98588
98589
98590
98591
98592
98593
98594
98595
98596
98597
98600
98647
98649
98650
98651
98652
98653
98654
98655
98656
98657
98658
98659
98660
98661
98662
98663
98664
98667
98713
98716
98718
98719
98721
98722
98724
99384
99385
99387
99388
99389
99390
99391
99392
99393
99394
99395
99397
99447
99448
99449
99450
99451
99452
99453
99454
99455
99456
99457
99458
99459
99460
99461
99463
99464
99511
99512
99513
99514
99515
99516
99517
99518
99519
99520
99521
99522
99524
99525
99560
99563
99564
99565
99566
99567
99568
99569
99570
99571
99572
99573
99604
99607
99608
99609
99610
99611
99612
99613
99614
99615
99616
99617
99648
99651
99652
99653
99654
99655
99656
99657
99658
99659
99660
99661
99692
99695
99696
99697
99698
99699
99700
99701
99702
99703
99704
99705
99743
99745
99746
99747
99748
99749
99750
99751
99752
99753
99754
99755
99756
99759
99806
99808
99809
99810
99811
99812
99813
99814
99815
99816
99817
99818
99819
99820
99821
99822
99823
99826
99872
99875
99877
99878
99880
99881
99883
100543
100544
100546
100547
100548
100549
100550
100551
100552
100553
100554
100556
100606
100607
100608
100609
100610
100611
100612
100613
100614
100615
100616
100617
100618
100619
100620
100622
100623
100670
100671
100672
100673
100674
100675
100676
100677
100678
100679
100680
100681
100683
100684
100719
100722
100723
100724
100725
100726
100727
100728
100729
100730
100731
100732
100763
100766
100767
100768
100769
100770
100771
100772
100773
100774
100775
100776
100807
100810
100811
100812
100813
100814
100815
100816
100817
100818
100819
100820
100851
100854
100855
100856
100857
100858
100859
100860
100861
100862
100863
100864
100902
100904
100905
100906
100907
100908
100909
100910
100911
100912
100913
100914
100915
100918
100965
100967
100968
100969
100970
100971
100972
100973
100974
100975
100976
100977
100978
100979
100980
100981
100982
100985
101031
101034
101036
101037
101039
101040
101042
101702
101703
101705
101706
101707
101708
101709
101710
101711
101712
101713
101715
101765
101766
101767
101768
101769
101770
101771
101772
101773
101774
101775
101776
101777
101778
101779
101781
101782
101829
101830
101831
101832
101833
101834
101835
101836
101837
101838
101839
101840
101842
101843
101878
101881
101882
101883
101884
101885
101886
101887
101888
101889
101890
101891
101922
101925
101926
101927
101928
101929
101930
101931
101932
101933
101934
101935
101966
101969
101970
101971
101972
101973
101974
101975
101976
101977
101978
101979
102010
102013
102014
102015
102016
102017
102018
102019
102020
102021
102022
102023
102061
102063
102064
102065
102066
102067
102068
102069
102070
102071
102072
102073
102074
102077
102124
102126
102127
102128
102129
102130
102131
102132
102133
102134
102135
102136
102137
102138
102139
102140
102141
102144
102190
102193
102195
102196
102198
102199
102201
102861
102862
102864
102865
102866
102867
102868
102869
102870
102871
102872
102874
102924
102925
102926
102927
102928
102929
102930
102931
102932
102933
102934
102935
102936
102937
102938
102940
102941
102988
102989
102990
102991
102992
102993
102994
102995
102996
102997
102998
102999
103001
103002
103037
103040
103041
103042
103043
103044
103045
103046
103047
103048
103049
103050
103081
103084
103085
103086
103087
103088
103089
103090
103091
103092
103093
103094
103125
103128
103129
103130
103131
103132
103133
103134
103135
103136
103137
103138
103169
103172
103173
103174
103175
103176
103177
103178
103179
103180
103181
103182
103220
103222
103223
103224
103225
103226
103227
103228
103229
103230
103231
103232
103233
103236
103283
103285
103286
103287
103288
103289
103290
103291
103292
103293
103294
103295
103296
103297
103298
103299
103300
103303
103349
103352
103354
103355
103357
103358
103360
104020
104021
104023
104024
104025
104026
104027
104028
104029
104030
104031
104033
104083
104084
104085
104086
104087
104088
104089
104090
104091
104092
104093
104094
104095
104096
104097
104099
104100
104147
104148
104149
104150
104151
104152
104153
104154
104155
104156
104157
104158
104160
104161
104196
104199
104200
104201
104202
104203
104204
104205
104206
104207
104208
104209
104240
104243
104244
104245
104246
104247
104248
104249
104250
104251
104252
104253
104284
104287
104288
104289
104290
104291
104292
104293
104294
104295
104296
104297
104328
104331
104332
104333
104334
104335
104336
104337
104338
104339
104340
104341
104379
104381
104382
104383
104384
104385
104386
104387
104388
104389
104390
104391
104392
104395
104442
104444
104445
104446
104447
104448
104449
104450
104451
104452
104453
104454
104455
104456
104457
104458
104459
104462
104508
104511
104513
104514
104516
104517
104519
105179
105180
105182
105183
105184
105185
105186
105187
105188
105189
105190
105192
105242
105243
105244
105245
105246
105247
105248
105249
105250
105251
105252
105253
105254
105255
105256
105258
105259
105306
105307
105308
105309
105310
105311
105312
105313
105314
105315
105316
105317
105319
105320
105355
105358
105359
105360
105361
105362
105363
105364
105365
105366
105367
105368
105399
105402
105403
105404
105405
105406
105407
105408
105409
105410
105411
105412
105443
105446
105447
105448
105449
105450
105451
105452
105453
105454
105455
105456
105487
105490
105491
105492
105493
105494
105495
105496
105497
105498
105499
105500
105538
105540
105541
105542
105543
105544
105545
105546
105547
105548
105549
105550
105551
105554
105601
105603
105604
105605
105606
105607
105608
105609
105610
105611
105612
105613
105614
105615
105616
105617
105618
105621
105667
105670
105672
105673
105675
105676
105678
106338
106339
106341
106342
106343
106344
106345
106346
106347
106348
106349
106351
106401
106402
106403
106404
106405
106406
106407
106408
106409
106410
106411
106412
106413
106414
106415
106417
106418
106465
106466
106467
106468
106469
106470
106471
106472
106473
106474
106475
106476
106478
106479
106514
106517
106518
106519
106520
106521
106522
106523
106524
106525
106526
106527
106558
106561
106562
106563
106564
106565
106566
106567
106568
106569
106570
106571
106602
106605
106606
106607
106608
106609
106610
106611
106612
106613
106614
106615
106646
106649
106650
106651
106652
106653
106654
106655
106656
106657
106658
106659
106697
106699
106700
106701
106702
106703
106704
106705
106706
106707
106708
106709
106710
106713
106760
106762
106763
106764
106765
106766
106767
106768
106769
106770
106771
106772
106773
106774
106775
106776
106777
106780
106826
106829
106831
106832
106834
106835
106837
107497
107498
107500
107501
107502
107503
107504
107505
107506
107507
107508
107510
107560
107561
107562
107563
107564
107565
107566
107567
107568
107569
107570
107571
107572
107573
107574
107576
107577
107624
107625
107626
107627
107628
107629
107630
107631
107632
107633
107634
107635
107637
107638
107673
107676
107677
107678
107679
107680
107681
107682
107683
107684
107685
107686
107717
107720
107721
107722
107723
107724
107725
107726
107727
107728
107729
107730
107761
107764
107765
107766
107767
107768
107769
107770
107771
107772
107773
107774
107805
107808
107809
107810
107811
107812
107813
107814
107815
107816
107817
107818
107856
107858
107859
107860
107861
107862
107863
107864
107865
107866
107867
107868
107869
107872
107919
107921
107922
107923
107924
107925
107926
107927
107928
107929
107930
107931
107932
107933
107934
107935
107936
107939
107985
107988
107990
107991
107993
107994
107996
108656
108657
108659
108660
108661
108662
108663
108664
108665
108666
108667
108669
108719
108720
108721
108722
108723
108724
108725
108726
108727
108728
108729
108730
108731
108732
108733
108735
108736
108783
108784
108785
108786
108787
108788
108789
108790
108791
108792
108793
108794
108796
108797
108832
108835
108836
108837
108838
108839
108840
108841
108842
108843
108844
108845
108876
108879
108880
108881
108882
108883
108884
108885
108886
108887
108888
108889
108920
108923
108924
108925
108926
108927
108928
108929
108930
108931
108932
108933
108964
108967
108968
108969
108970
108971
108972
108973
108974
108975
108976
108977
109015
109017
109018
109019
109020
109021
109022
109023
109024
109025
109026
109027
109028
109031
109078
109080
109081
109082
109083
109084
109085
109086
109087
109088
109089
109090
109091
109092
109093
109094
109095
109098
109144
109147
109149
109150
109152
109153
109155
109815
109816
109818
109819
109820
109821
109822
109823
109824
109825
109826
109828
109878
109879
109880
109881
109882
109883
109884
109885
109886
109887
109888
109889
109890
109891
109892
109894
109895
109942
109943
109944
109945
109946
109947
109948
109949
109950
109951
109952
109953
109955
109956
109991
109994
109995
109996
109997
109998
109999
110000
110001
110002
110003
110004
110035
110038
110039
110040
110041
110042
110043
110044
110045
110046
110047
110048
110079
110082
110083
110084
110085
110086
110087
110088
110089
110090
110091
110092
110123
110126
110127
110128
110129
110130
110131
110132
110133
110134
110135
110136
110174
110176
110177
110178
110179
110180
110181
110182
110183
110184
110185
110186
110187
110190
110237
110239
110240
110241
110242
110243
110244
110245
110246
110247
110248
110249
110250
110251
110252
110253
110254
110257
110303
110306
110308
110309
110311
110312
110314
110974
110975
110977
110978
110979
110980
110981
110982
110983
110984
110985
110987
111037
111038
111039
111040
111041
111042
111043
111044
111045
111046
111047
111048
111049
111050
111051
111053
111054
111101
111102
111103
111104
111105
111106
111107
111108
111109
111110
111111
111112
111114
111115
111150
111153
111154
111155
111156
111157
111158
111159
111160
111161
111162
111163
111194
111197
111198
111199
111200
111201
111202
111203
111204
111205
111206
111207
111238
111241
111242
111243
111244
111245
111246
111247
111248
111249
111250
111251
111282
111285
111286
111287
111288
111289
111290
111291
111292
111293
111294
111295
111333
111335
111336
111337
111338
111339
111340
111341
111342
111343
111344
111345
111346
111349
111396
111398
111399
111400
111401
111402
111403
111404
111405
111406
111407
111408
111409
111410
111411
111412
111413
111416
111462
111465
111467
111468
111470
111471
111473
112133
112134
112136
112137
112138
112139
112140
112141
112142
112143
112144
112146
112196
112197
112198
112199
112200
112201
112202
112203
112204
112205
112206
112207
112208
112209
112210
112212
112213
112260
112261
112262
112263
112264
112265
112266
112267
112268
112269
112270
112271
112273
112274
112309
112312
112313
112314
112315
112316
112317
112318
112319
112320
112321
112322
112353
112356
112357
112358
112359
112360
112361
112362
112363
112364
112365
112366
112397
112400
112401
112402
112403
112404
112405
112406
112407
112408
112409
112410
112441
112444
112445
112446
112447
112448
112449
112450
112451
112452
112453
112454
112492
112494
112495
112496
112497
112498
112499
112500
112501
112502
112503
112504
112505
112508
112555
112557
112558
112559
112560
112561
112562
112563
112564
112565
112566
112567
112568
112569
112570
112571
112572
112575
112621
112624
112626
112627
112629
112630
112632
113292
113293
113295
113296
113297
113298
113299
113300
113301
113302
113303
113305
113355
113356
113357
113358
113359
113360
113361
113362
113363
113364
113365
113366
113367
113368
113369
113371
113372
113419
113420
113421
113422
113423
113424
113425
113426
113427
113428
113429
113430
113432
113433
113468
113471
113472
113473
113474
113475
113476
113477
113478
113479
113480
113481
113512
113515
113516
113517
113518
113519
113520
113521
113522
113523
113524
113525
113556
113559
113560
113561
113562
113563
113564
113565
113566
113567
113568
113569
113600
113603
113604
113605
113606
113607
113608
113609
113610
113611
113612
113613
113651
113653
113654
113655
113656
113657
113658
113659
113660
113661
113662
113663
113664
113667
113714
113716
113717
113718
113719
113720
113721
113722
113723
113724
113725
113726
113727
113728
113729
113730
113731
113734
113780
113783
113785
113786
113788
113789
113791
114451
114452
114454
114455
114456
114457
114458
114459
114460
114461
114462
114464
114514
114515
114516
114517
114518
114519
114520
114521
114522
114523
114524
114525
114526
114527
114528
114530
114531
114578
114579
114580
114581
114582
114583
114584
114585
114586
114587
114588
114589
114591
114592
114627
114630
114631
114632
114633
114634
114635
114636
114637
114638
114639
114640
114671
114674
114675
114676
114677
114678
114679
114680
114681
114682
114683
114684
114715
114718
114719
114720
114721
114722
114723
114724
114725
114726
114727
114728
114759
114762
114763
114764
114765
114766
114767
114768
114769
114770
114771
114772
114810
114812
114813
114814
114815
114816
114817
114818
114819
114820
114821
114822
114823
114826
114873
114875
114876
114877
114878
114879
114880
114881
114882
114883
114884
114885
114886
114887
114888
114889
114890
114893
114939
114942
114944
114945
114947
114948
114950
115610
115611
115613
115614
115615
115616
115617
115618
115619
115620
115621
115623
115673
115674
115675
115676
115677
115678
115679
115680
115681
115682
115683
115684
115685
115686
115687
115689
115690
115737
115738
115739
115740
115741
115742
115743
115744
115745
115746
115747
115748
115750
115751
115786
115789
115790
115791
115792
115793
115794
115795
115796
115797
115798
115799
115830
115833
115834
115835
115836
115837
115838
115839
115840
115841
115842
115843
115874
115877
115878
115879
115880
115881
115882
115883
115884
115885
115886
115887
115918
115921
115922
115923
115924
115925
115926
115927
115928
115929
115930
115931
115969
115971
115972
115973
115974
115975
115976
115977
115978
115979
115980
115981
115982
115985
116032
116034
116035
116036
116037
116038
116039
116040
116041
116042
116043
116044
116045
116046
116047
116048
116049
116052
116098
116101
116103
116104
116106
116107
116109
116769
116770
116772
116773
116774
116775
116776
116777
116778
116779
116780
116782
116832
116833
116834
116835
116836
116837
116838
116839
116840
116841
116842
116843
116844
116845
116846
116848
116849
116896
116897
116898
116899
116900
116901
116902
116903
116904
116905
116906
116907
116909
116910
116945
116948
116949
116950
116951
116952
116953
116954
116955
116956
116957
116958
116989
116992
116993
116994
116995
116996
116997
116998
116999
117000
117001
117002
117033
117036
117037
117038
117039
117040
117041
117042
117043
117044
117045
117046
117077
117080
117081
117082
117083
117084
117085
117086
117087
117088
117089
117090
117128
117130
117131
117132
117133
117134
117135
117136
117137
117138
117139
117140
117141
117144
117191
117193
117194
117195
117196
117197
117198
117199
117200
117201
117202
117203
117204
117205
117206
117207
117208
117211
117257
117260
117262
117263
117265
117266
117268
117928
117929
117931
117932
117933
117934
117935
117936
117937
117938
117939
117941
117991
117992
117993
117994
117995
117996
117997
117998
117999
118000
118001
118002
118003
118004
118005
118007
118008
118055
118056
118057
118058
118059
118060
118061
118062
118063
118064
118065
118066
118068
118069
118104
118107
118108
118109
118110
118111
118112
118113
118114
118115
118116
118117
118148
118151
118152
118153
118154
118155
118156
118157
118158
118159
118160
118161
118192
118195
118196
118197
118198
118199
118200
118201
118202
118203
118204
118205
118236
118239
118240
118241
118242
118243
118244
118245
118246
118247
118248
118249
118287
118289
118290
118291
118292
118293
118294
118295
118296
118297
118298
118299
118300
118303
118350
118352
118353
118354
118355
118356
118357
118358
118359
118360
118361
118362
118363
118364
118365
118366
118367
118370
118416
118419
118421
118422
118424
118425
118427
119087
119088
119090
119091
119092
119093
119094
119095
119096
119097
119098
119100
119150
119151
119152
119153
119154
119155
119156
119157
119158
119159
119160
119161
119162
119163
119164
119166
119167
119214
119215
119216
119217
119218
119219
119220
119221
119222
119223
119224
119225
119227
119228
119263
119266
119267
119268
119269
119270
119271
119272
119273
119274
119275
119276
119307
119310
119311
119312
119313
119314
119315
119316
119317
119318
119319
119320
119351
119354
119355
119356
119357
119358
119359
119360
119361
119362
119363
119364
119395
119398
119399
119400
119401
119402
119403
119404
119405
119406
119407
119408
119446
119448
119449
119450
119451
119452
119453
119454
119455
119456
119457
119458
119459
119462
119509
119511
119512
119513
119514
119515
119516
119517
119518
119519
119520
119521
119522
119523
119524
119525
119526
119529
119575
119578
119580
119581
119583
119584
119586
120246
120247
120249
120250
120251
120252
120253
120254
120255
120256
120257
120259
120309
120310
120311
120312
120313
120314
120315
120316
120317
120318
120319
120320
120321
120322
120323
120325
120326
120373
120374
120375
120376
120377
120378
120379
120380
120381
120382
120383
120384
120386
120387
120422
120425
120426
120427
120428
120429
120430
120431
120432
120433
120434
120435
120466
120469
120470
120471
120472
120473
120474
120475
120476
120477
120478
120479
120510
120513
120514
120515
120516
120517
120518
120519
120520
120521
120522
120523
120554
120557
120558
120559
120560
120561
120562
120563
120564
120565
120566
120567
120605
120607
120608
120609
120610
120611
120612
120613
120614
120615
120616
120617
120618
120621
120668
120670
120671
120672
120673
120674
120675
120676
120677
120678
120679
120680
120681
120682
120683
120684
120685
120688
120734
120737
120739
120740
120742
120743
120745
121405
121406
121408
121409
121410
121411
121412
121413
121414
121415
121416
121418
121468
121469
121470
121471
121472
121473
121474
121475
121476
121477
121478
121479
121480
121481
121482
121484
121485
121532
121533
121534
121535
121536
121537
121538
121539
121540
121541
121542
121543
121545
121546
121581
121584
121585
121586
121587
121588
121589
121590
121591
121592
121593
121594
121625
121628
121629
121630
121631
121632
121633
121634
121635
121636
121637
121638
121669
121672
121673
121674
121675
121676
121677
121678
121679
121680
121681
121682
121713
121716
121717
121718
121719
121720
121721
121722
121723
121724
121725
121726
121764
121766
121767
121768
121769
121770
121771
121772
121773
121774
121775
121776
121777
121780
121827
121829
121830
121831
121832
121833
121834
121835
121836
121837
121838
121839
121840
121841
121842
121843
121844
121847
121893
121896
121898
121899
121901
121902
121904
122564
122565
122567
122568
122569
122570
122571
122572
122573
122574
122575
122577
122627
122628
122629
122630
122631
122632
122633
122634
122635
122636
122637
122638
122639
122640
122641
122643
122644
122691
122692
122693
122694
122695
122696
122697
122698
122699
122700
122701
122702
122704
122705
122740
122743
122744
122745
122746
122747
122748
122749
122750
122751
122752
122753
122784
122787
122788
122789
122790
122791
122792
122793
122794
122795
122796
122797
122828
122831
122832
122833
122834
122835
122836
122837
122838
122839
122840
122841
122872
122875
122876
122877
122878
122879
122880
122881
122882
122883
122884
122885
122923
122925
122926
122927
122928
122929
122930
122931
122932
122933
122934
122935
122936
122939
122986
122988
122989
122990
122991
122992
122993
122994
122995
122996
122997
122998
122999
123000
123001
123002
123003
123006
123052
123055
123057
123058
123060
123061
123063
123723
123724
123726
123727
123728
123729
123730
123731
123732
123733
123734
123736
123786
123787
123788
123789
123790
123791
123792
123793
123794
123795
123796
123797
123798
123799
123800
123802
123803
123850
123851
123852
123853
123854
123855
123856
123857
123858
123859
123860
123861
123863
123864
123899
123902
123903
123904
123905
123906
123907
123908
123909
123910
123911
123912
123943
123946
123947
123948
123949
123950
123951
123952
123953
123954
123955
123956
123987
123990
123991
123992
123993
123994
123995
123996
123997
123998
123999
124000
124031
124034
124035
124036
124037
124038
124039
124040
124041
124042
124043
124044
124082
124084
124085
124086
124087
124088
124089
124090
124091
124092
124093
124094
124095
124098
124145
124147
124148
124149
124150
124151
124152
124153
124154
124155
124156
124157
124158
124159
124160
124161
124162
124165
124211
124214
124216
124217
124219
124220
124222
124882
124883
124885
124886
124887
124888
124889
124890
124891
124892
124893
124895
124945
124946
124947
124948
124949
124950
124951
124952
124953
124954
124955
124956
124957
124958
124959
124961
124962
125009
125010
125011
125012
125013
125014
125015
125016
125017
125018
125019
125020
125022
125023
125058
125061
125062
125063
125064
125065
125066
125067
125068
125069
125070
125071
125102
125105
125106
125107
125108
125109
125110
125111
125112
125113
125114
125115
125146
125149
125150
125151
125152
125153
125154
125155
125156
125157
125158
125159
125190
125193
125194
125195
125196
125197
125198
125199
125200
125201
125202
125203
125241
125243
125244
125245
125246
125247
125248
125249
125250
125251
125252
125253
125254
125257
125304
125306
125307
125308
125309
125310
125311
125312
125313
125314
125315
125316
125317
125318
125319
125320
125321
125324
125370
125373
125375
125376
125378
125379
125381
126041
126042
126044
126045
126046
126047
126048
126049
126050
126051
126052
126054
126104
126105
126106
126107
126108
126109
126110
126111
126112
126113
126114
126115
126116
126117
126118
126120
126121
126168
126169
126170
126171
126172
126173
126174
126175
126176
126177
126178
126179
126181
126182
126217
126220
126221
126222
126223
126224
126225
126226
126227
126228
126229
126230
126261
126264
126265
126266
126267
126268
126269
126270
126271
126272
126273
126274
126305
126308
126309
126310
126311
126312
126313
126314
126315
126316
126317
126318
126349
126352
126353
126354
126355
126356
126357
126358
126359
126360
126361
126362
126400
126402
126403
126404
126405
126406
126407
126408
126409
126410
126411
126412
126413
126416
126463
126465
126466
126467
126468
126469
126470
126471
126472
126473
126474
126475
126476
126477
126478
126479
126480
126483
126529
126532
126534
126535
126537
126538
126540
127200
127201
127203
127204
127205
127206
127207
127208
127209
127210
127211
127213
127263
127264
127265
127266
127267
127268
127269
127270
127271
127272
127273
127274
127275
127276
127277
127279
127280
127327
127328
127329
127330
127331
127332
127333
127334
127335
127336
127337
127338
127340
127341
127376
127379
127380
127381
127382
127383
127384
127385
127386
127387
127388
127389
127420
127423
127424
127425
127426
127427
127428
127429
127430
127431
127432
127433
127464
127467
127468
127469
127470
127471
127472
127473
127474
127475
127476
127477
127508
127511
127512
127513
127514
127515
127516
127517
127518
127519
127520
127521
127559
127561
127562
127563
127564
127565
127566
127567
127568
127569
127570
127571
127572
127575
127622
127624
127625
127626
127627
127628
127629
127630
127631
127632
127633
127634
127635
127636
127637
127638
127639
127642
127688
127691
127693
127694
127696
127697
127699
128359
128360
128362
128363
128364
128365
128366
128367
128368
128369
128370
128372
128422
128423
128424
128425
128426
128427
128428
128429
128430
128431
128432
128433
128434
128435
128436
128438
128439
128486
128487
128488
128489
128490
128491
128492
128493
128494
128495
128496
128497
128499
128500
128535
128538
128539
128540
128541
128542
128543
128544
128545
128546
128547
128548
128579
128582
128583
128584
128585
128586
128587
128588
128589
128590
128591
128592
128623
128626
128627
128628
128629
128630
128631
128632
128633
128634
128635
128636
128667
128670
128671
128672
128673
128674
128675
128676
128677
128678
128679
128680
128718
128720
128721
128722
128723
128724
128725
128726
128727
128728
128729
128730
128731
128734
128781
128783
128784
128785
128786
128787
128788
128789
128790
128791
128792
128793
128794
128795
128796
128797
128798
128801
128847
128850
128852
128853
128855
128856
128858
129785
129786
129788
129789
129790
129791
129792
129793
129794
129795
129796
129798
129851
129852
129853
129854
129855
129856
129857
129858
129859
129860
129861
129862
129863
129864
129865
129866
129867
129868
129870
129871
129933
129934
129935
129936
129937
129938
129939
129940
129941
129942
129943
129944
129945
129946
129947
129948
129949
129950
129951
129952
129953
129954
129955
129956
129958
129959
130022
130025
130026
130027
130028
130029
130030
130031
130032
130033
130034
130035
130036
130037
130038
130039
130040
130041
130042
130043
130044
130045
130046
130047
130048
130049
130050
130051
130114
130117
130118
130119
130120
130121
130122
130123
130124
130125
130126
130127
130128
130129
130130
130131
130132
130133
130134
130135
130136
130137
130138
130139
130140
130141
130142
130143
130206
130209
130210
130211
130212
130213
130214
130215
130216
130217
130218
130219
130220
130221
130222
130223
130224
130225
130226
130227
130228
130229
130230
130231
130232
130233
130234
130235
130298
130301
130302
130303
130304
130305
130306
130307
130308
130309
130310
130311
130312
130313
130314
130315
130316
130317
130318
130319
130320
130321
130322
130323
130324
130325
130326
130327
130391
130393
130394
130395
130396
130397
130398
130399
130400
130401
130402
130403
130404
130405
130406
130407
130408
130409
130410
130411
130412
130413
130414
130417
130474
130476
130477
130478
130479
130480
130481
130482
130483
130484
130485
130486
130487
130488
130489
130490
130491
130494
130540
130543
130545
130546
130548
130549
130551
130961
130962
130963
130979
130980
130981
130982
130983
130984
130985
130986
130987
130988
130989
130990
131021
131022
131023
131024
131025
131026
131027
131028
131029
131030
131031
131032
131033
131034
131035
131036
131037
131038
131079
131080
131081
131082
131083
131084
131085
131086
131087
131088
131089
131090
131091
131092
131093
131094
131095
131096
131097
131098
131099
131100
131145
131146
131147
131148
131149
131150
131151
131152
131153
131154
131155
131156
131157
131158
131159
131160
131161
131162
131163
131164
131165
131166
131205
131206
131207
131208
131209
131210
131211
131212
131213
131214
131215
131216
131217
131218
131219
131220
131247
131248
131249
131250
131251
131252
131253
131254
131255
131256
132310
132313
132316
132319
132360
132361
132362
132363
132364
132365
132366
132367
132368
132369
132370
132371
132372
132373
132374
132376
132377
132418
132419
132420
132421
132422
132423
132424
132425
132426
132427
132429
132430
132462
132463
132465
132466
132467
132468
132469
132470
132471
132473
132502
132503
132504
132505
132506
132507
132508
132509
132510
132511
132513
132514
132542
132543
132544
132545
132546
132547
132548
132549
132550
132551
132553
132554
132582
132583
132584
132585
132586
132587
132588
132589
132590
132591
132593
132594
132624
132627
132628
132629
132630
132631
132632
132633
132634
132635
132673
132675
132676
132677
132678
132679
132680
132681
132682
132683
132684
132685
132686
132689
132728
132730
132731
132732
132733
132734
132735
132736
132737
132738
132739
132740
132741
132742
132745
133307
133310
133313
133316
133357
133358
133359
133360
133361
133362
133363
133364
133365
133366
133367
133368
133369
133370
133371
133373
133374
133415
133416
133417
133418
133419
133420
133421
133422
133423
133424
133426
133427
133459
133460
133462
133463
133464
133465
133466
133467
133468
133470
133499
133500
133501
133502
133503
133504
133505
133506
133507
133508
133510
133511
133539
133540
133541
133542
133543
133544
133545
133546
133547
133548
133550
133551
133579
133580
133581
133582
133583
133584
133585
133586
133587
133588
133590
133591
133621
133624
133625
133626
133627
133628
133629
133630
133631
133632
133670
133672
133673
133674
133675
133676
133677
133678
133679
133680
133681
133682
133683
133686
133725
133727
133728
133729
133730
133731
133732
133733
133734
133735
133736
133737
133738
133739
133742
134304
134307
134310
134313
134354
134355
134356
134357
134358
134359
134360
134361
134362
134363
134364
134365
134366
134367
134368
134370
134371
134412
134413
134414
134415
134416
134417
134418
134419
134420
134421
134423
134424
134456
134457
134459
134460
134461
134462
134463
134464
134465
134467
134496
134497
134498
134499
134500
134501
134502
134503
134504
134505
134507
134508
134536
134537
134538
134539
134540
134541
134542
134543
134544
134545
134547
134548
134576
134577
134578
134579
134580
134581
134582
134583
134584
134585
134587
134588
134618
134621
134622
134623
134624
134625
134626
134627
134628
134629
134667
134669
134670
134671
134672
134673
134674
134675
134676
134677
134678
134679
134680
134683
134722
134724
134725
134726
134727
134728
134729
134730
134731
134732
134733
134734
134735
134736
134739
135301
135304
135307
135310
135351
135352
135353
135354
135355
135356
135357
135358
135359
135360
135361
135362
135363
135364
135365
135367
135368
135409
135410
135411
135412
135413
135414
135415
135416
135417
135418
135420
135421
135453
135454
135456
135457
135458
135459
135460
135461
135462
135464
135493
135494
135495
135496
135497
135498
135499
135500
135501
135502
135504
135505
135533
135534
135535
135536
135537
135538
135539
135540
135541
135542
135544
135545
135573
135574
135575
135576
135577
135578
135579
135580
135581
135582
135584
135585
135615
135618
135619
135620
135621
135622
135623
135624
135625
135626
135664
135666
135667
135668
135669
135670
135671
135672
135673
135674
135675
135676
135677
135680
135719
135721
135722
135723
135724
135725
135726
135727
135728
135729
135730
135731
135732
135733
135736
136298
136301
136304
136307
136348
136349
136350
136351
136352
136353
136354
136355
136356
136357
136358
136359
136360
136361
136362
136364
136365
136406
136407
136408
136409
136410
136411
136412
136413
136414
136415
136417
136418
136450
136451
136453
136454
136455
136456
136457
136458
136459
136461
136490
136491
136492
136493
136494
136495
136496
136497
136498
136499
136501
136502
136530
136531
136532
136533
136534
136535
136536
136537
136538
136539
136541
136542
136570
136571
136572
136573
136574
136575
136576
136577
136578
136579
136581
136582
136612
136615
136616
136617
136618
136619
136620
136621
136622
136623
136661
136663
136664
136665
136666
136667
136668
136669
136670
136671
136672
136673
136674
136677
136716
136718
136719
136720
136721
136722
136723
136724
136725
136726
136727
136728
136729
136730
136733
137295
137298
137301
137304
137345
137346
137347
137348
137349
137350
137351
137352
137353
137354
137355
137356
137357
137358
137359
137361
137362
137403
137404
137405
137406
137407
137408
137409
137410
137411
137412
137414
137415
137447
137448
137450
137451
137452
137453
137454
137455
137456
137458
137487
137488
137489
137490
137491
137492
137493
137494
137495
137496
137498
137499
137527
137528
137529
137530
137531
137532
137533
137534
137535
137536
137538
137539
137567
137568
137569
137570
137571
137572
137573
137574
137575
137576
137578
137579
137609
137612
137613
137614
137615
137616
137617
137618
137619
137620
137658
137660
137661
137662
137663
137664
137665
137666
137667
137668
137669
137670
137671
137674
137713
137715
137716
137717
137718
137719
137720
137721
137722
137723
137724
137725
137726
137727
137730
138292
138295
138298
138301
138342
138343
138344
138345
138346
138347
138348
138349
138350
138351
138352
138353
138354
138355
138356
138358
138359
138400
138401
138402
138403
138404
138405
138406
138407
138408
138409
138411
138412
138444
138445
138447
138448
138449
138450
138451
138452
138453
138455
138484
138485
138486
138487
138488
138489
138490
138491
138492
138493
138495
138496
138524
138525
138526
138527
138528
138529
138530
138531
138532
138533
138535
138536
138564
138565
138566
138567
138568
138569
138570
138571
138572
138573
138575
138576
138606
138609
138610
138611
138612
138613
138614
138615
138616
138617
138655
138657
138658
138659
138660
138661
138662
138663
138664
138665
138666
138667
138668
138671
138710
138712
138713
138714
138715
138716
138717
138718
138719
138720
138721
138722
138723
138724
138727
139289
139292
139295
139298
139339
139340
139341
139342
139343
139344
139345
139346
139347
139348
139349
139350
139351
139352
139353
139355
139356
139397
139398
139399
139400
139401
139402
139403
139404
139405
139406
139408
139409
139441
139442
139444
139445
139446
139447
139448
139449
139450
139452
139481
139482
139483
139484
139485
139486
139487
139488
139489
139490
139492
139493
139521
139522
139523
139524
139525
139526
139527
139528
139529
139530
139532
139533
139561
139562
139563
139564
139565
139566
139567
139568
139569
139570
139572
139573
139603
139606
139607
139608
139609
139610
139611
139612
139613
139614
139652
139654
139655
139656
139657
139658
139659
139660
139661
139662
139663
139664
139665
139668
139707
139709
139710
139711
139712
139713
139714
139715
139716
139717
139718
139719
139720
139721
139724
140286
140289
140292
140295
140336
140337
140338
140339
140340
140341
140342
140343
140344
140345
140346
140347
140348
140349
140350
140352
140353
140394
140395
140396
140397
140398
140399
140400
140401
140402
140403
140405
140406
140438
140439
140441
140442
140443
140444
140445
140446
140447
140449
140478
140479
140480
140481
140482
140483
140484
140485
140486
140487
140489
140490
140518
140519
140520
140521
140522
140523
140524
140525
140526
140527
140529
140530
140558
140559
140560
140561
140562
140563
140564
140565
140566
140567
140569
140570
140600
140603
140604
140605
140606
140607
140608
140609
140610
140611
140649
140651
140652
140653
140654
140655
140656
140657
140658
140659
140660
140661
140662
140665
140704
140706
140707
140708
140709
140710
140711
140712
140713
140714
140715
140716
140717
140718
140721
141283
141286
141289
141292
141333
141334
141335
141336
141337
141338
141339
141340
141341
141342
141343
141344
141345
141346
141347
141349
141350
141391
141392
141393
141394
141395
141396
141397
141398
141399
141400
141402
141403
141435
141436
141438
141439
141440
141441
141442
141443
141444
141446
141475
141476
141477
141478
141479
141480
141481
141482
141483
141484
141486
141487
141515
141516
141517
141518
141519
141520
141521
141522
141523
141524
141526
141527
141555
141556
141557
141558
141559
141560
141561
141562
141563
141564
141566
141567
141597
141600
141601
141602
141603
141604
141605
141606
141607
141608
141646
141648
141649
141650
141651
141652
141653
141654
141655
141656
141657
141658
141659
141662
141701
141703
141704
141705
141706
141707
141708
141709
141710
141711
141712
141713
141714
141715
141718
142280
142283
142286
142289
142330
142331
142332
142333
142334
142335
142336
142337
142338
142339
142340
142341
142342
142343
142344
142346
142347
142388
142389
142390
142391
142392
142393
142394
142395
142396
142397
142399
142400
142432
142433
142435
142436
142437
142438
142439
142440
142441
142443
142472
142473
142474
142475
142476
142477
142478
142479
142480
142481
142483
142484
142512
142513
142514
142515
142516
142517
142518
142519
142520
142521
142523
142524
142552
142553
142554
142555
142556
142557
142558
142559
142560
142561
142563
142564
142594
142597
142598
142599
142600
142601
142602
142603
142604
142605
142643
142645
142646
142647
142648
142649
142650
142651
142652
142653
142654
142655
142656
142659
142698
142700
142701
142702
142703
142704
142705
142706
142707
142708
142709
142710
142711
142712
142715
143277
143280
143283
143286
143327
143328
143329
143330
143331
143332
143333
143334
143335
143336
143337
143338
143339
143340
143341
143343
143344
143385
143386
143387
143388
143389
143390
143391
143392
143393
143394
143396
143397
143429
143430
143432
143433
143434
143435
143436
143437
143438
143440
143469
143470
143471
143472
143473
143474
143475
143476
143477
143478
143480
143481
143509
143510
143511
143512
143513
143514
143515
143516
143517
143518
143520
143521
143549
143550
143551
143552
143553
143554
143555
143556
143557
143558
143560
143561
143591
143594
143595
143596
143597
143598
143599
143600
143601
143602
143640
143642
143643
143644
143645
143646
143647
143648
143649
143650
143651
143652
143653
143656
143695
143697
143698
143699
143700
143701
143702
143703
143704
143705
143706
143707
143708
143709
143712
144274
144277
144280
144283
144324
144325
144326
144327
144328
144329
144330
144331
144332
144333
144334
144335
144336
144337
144338
144340
144341
144382
144383
144384
144385
144386
144387
144388
144389
144390
144391
144393
144394
144426
144427
144429
144430
144431
144432
144433
144434
144435
144437
144466
144467
144468
144469
144470
144471
144472
144473
144474
144475
144477
144478
144506
144507
144508
144509
144510
144511
144512
144513
144514
144515
144517
144518
144546
144547
144548
144549
144550
144551
144552
144553
144554
144555
144557
144558
144588
144591
144592
144593
144594
144595
144596
144597
144598
144599
144637
144639
144640
144641
144642
144643
144644
144645
144646
144647
144648
144649
144650
144653
144692
144694
144695
144696
144697
144698
144699
144700
144701
144702
144703
144704
144705
144706
144709
145271
145274
145277
145280
145321
145322
145323
145324
145325
145326
145327
145328
145329
145330
145331
145332
145333
145334
145335
145337
145338
145379
145380
145381
145382
145383
145384
145385
145386
145387
145388
145390
145391
145423
145424
145426
145427
145428
145429
145430
145431
145432
145434
145463
145464
145465
145466
145467
145468
145469
145470
145471
145472
145474
145475
145503
145504
145505
145506
145507
145508
145509
145510
145511
145512
145514
145515
145543
145544
145545
145546
145547
145548
145549
145550
145551
145552
145554
145555
145585
145588
145589
145590
145591
145592
145593
145594
145595
145596
145634
145636
145637
145638
145639
145640
145641
145642
145643
145644
145645
145646
145647
145650
145689
145691
145692
145693
145694
145695
145696
145697
145698
145699
145700
145701
145702
145703
145706
146268
146271
146274
146277
146318
146319
146320
146321
146322
146323
146324
146325
146326
146327
146328
146329
146330
146331
146332
146334
146335
146376
146377
146378
146379
146380
146381
146382
146383
146384
146385
146387
146388
146420
146421
146423
146424
146425
146426
146427
146428
146429
146431
146460
146461
146462
146463
146464
146465
146466
146467
146468
146469
146471
146472
146500
146501
146502
146503
146504
146505
146506
146507
146508
146509
146511
146512
146540
146541
146542
146543
146544
146545
146546
146547
146548
146549
146551
146552
146582
146585
146586
146587
146588
146589
146590
146591
146592
146593
146631
146633
146634
146635
146636
146637
146638
146639
146640
146641
146642
146643
146644
146647
146686
146688
146689
146690
146691
146692
146693
146694
146695
146696
146697
146698
146699
146700
146703
147265
147268
147271
147274
147315
147316
147317
147318
147319
147320
147321
147322
147323
147324
147325
147326
147327
147328
147329
147331
147332
147373
147374
147375
147376
147377
147378
147379
147380
147381
147382
147384
147385
147417
147418
147420
147421
147422
147423
147424
147425
147426
147428
147457
147458
147459
147460
147461
147462
147463
147464
147465
147466
147468
147469
147497
147498
147499
147500
147501
147502
147503
147504
147505
147506
147508
147509
147537
147538
147539
147540
147541
147542
147543
147544
147545
147546
147548
147549
147579
147582
147583
147584
147585
147586
147587
147588
147589
147590
147628
147630
147631
147632
147633
147634
147635
147636
147637
147638
147639
147640
147641
147644
147683
147685
147686
147687
147688
147689
147690
147691
147692
147693
147694
147695
147696
147697
147700
148262
148265
148268
148271
148312
148313
148314
148315
148316
148317
148318
148319
148320
148321
148322
148323
148324
148325
148326
148328
148329
148370
148371
148372
148373
148374
148375
148376
148377
148378
148379
148381
148382
148414
148415
148417
148418
148419
148420
148421
148422
148423
148425
148454
148455
148456
148457
148458
148459
148460
148461
148462
148463
148465
148466
148494
148495
148496
148497
148498
148499
148500
148501
148502
148503
148505
148506
148534
148535
148536
148537
148538
148539
148540
148541
148542
148543
148545
148546
148576
148579
148580
148581
148582
148583
148584
148585
148586
148587
148625
148627
148628
148629
148630
148631
148632
148633
148634
148635
148636
148637
148638
148641
148680
148682
148683
148684
148685
148686
148687
148688
148689
148690
148691
148692
148693
148694
148697
149259
149262
149265
149268
149309
149310
149311
149312
149313
149314
149315
149316
149317
149318
149319
149320
149321
149322
149323
149325
149326
149367
149368
149369
149370
149371
149372
149373
149374
149375
149376
149378
149379
149411
149412
149414
149415
149416
149417
149418
149419
149420
149422
149451
149452
149453
149454
149455
149456
149457
149458
149459
149460
149462
149463
149491
149492
149493
149494
149495
149496
149497
149498
149499
149500
149502
149503
149531
149532
149533
149534
149535
149536
149537
149538
149539
149540
149542
149543
149573
149576
149577
149578
149579
149580
149581
149582
149583
149584
149622
149624
149625
149626
149627
149628
149629
149630
149631
149632
149633
149634
149635
149638
149677
149679
149680
149681
149682
149683
149684
149685
149686
149687
149688
149689
149690
149691
149694
150256
150259
150262
150265
150306
150307
150308
150309
150310
150311
150312
150313
150314
150315
150316
150317
150318
150319
150320
150322
150323
150364
150365
150366
150367
150368
150369
150370
150371
150372
150373
150375
150376
150408
150409
150411
150412
150413
150414
150415
150416
150417
150419
150448
150449
150450
150451
150452
150453
150454
150455
150456
150457
150459
150460
150488
150489
150490
150491
150492
150493
150494
150495
150496
150497
150499
150500
150528
150529
150530
150531
150532
150533
150534
150535
150536
150537
150539
150540
150570
150573
150574
150575
150576
150577
150578
150579
150580
150581
150619
150621
150622
150623
150624
150625
150626
150627
150628
150629
150630
150631
150632
150635
150674
150676
150677
150678
150679
150680
150681
150682
150683
150684
150685
150686
150687
150688
150691
151253
151256
151259
151262
151303
151304
151305
151306
151307
151308
151309
151310
151311
151312
151313
151314
151315
151316
151317
151319
151320
151361
151362
151363
151364
151365
151366
151367
151368
151369
151370
151372
151373
151405
151406
151408
151409
151410
151411
151412
151413
151414
151416
151445
151446
151447
151448
151449
151450
151451
151452
151453
151454
151456
151457
151485
151486
151487
151488
151489
151490
151491
151492
151493
151494
151496
151497
151525
151526
151527
151528
151529
151530
151531
151532
151533
151534
151536
151537
151567
151570
151571
151572
151573
151574
151575
151576
151577
151578
151616
151618
151619
151620
151621
151622
151623
151624
151625
151626
151627
151628
151629
151632
151671
151673
151674
151675
151676
151677
151678
151679
151680
151681
151682
151683
151684
151685
151688
152250
152253
152256
152259
152300
152301
152302
152303
152304
152305
152306
152307
152308
152309
152310
152311
152312
152313
152314
152316
152317
152358
152359
152360
152361
152362
152363
152364
152365
152366
152367
152369
152370
152402
152403
152405
152406
152407
152408
152409
152410
152411
152413
152442
152443
152444
152445
152446
152447
152448
152449
152450
152451
152453
152454
152482
152483
152484
152485
152486
152487
152488
152489
152490
152491
152493
152494
152522
152523
152524
152525
152526
152527
152528
152529
152530
152531
152533
152534
152564
152567
152568
152569
152570
152571
152572
152573
152574
152575
152613
152615
152616
152617
152618
152619
152620
152621
152622
152623
152624
152625
152626
152629
152668
152670
152671
152672
152673
152674
152675
152676
152677
152678
152679
152680
152681
152682
152685
153247
153250
153253
153256
153297
153298
153299
153300
153301
153302
153303
153304
153305
153306
153307
153308
153309
153310
153311
153313
153314
153355
153356
153357
153358
153359
153360
153361
153362
153363
153364
153366
153367
153399
153400
153402
153403
153404
153405
153406
153407
153408
153410
153439
153440
153441
153442
153443
153444
153445
153446
153447
153448
153450
153451
153479
153480
153481
153482
153483
153484
153485
153486
153487
153488
153490
153491
153519
153520
153521
153522
153523
153524
153525
153526
153527
153528
153530
153531
153561
153564
153565
153566
153567
153568
153569
153570
153571
153572
153610
153612
153613
153614
153615
153616
153617
153618
153619
153620
153621
153622
153623
153626
153665
153667
153668
153669
153670
153671
153672
153673
153674
153675
153676
153677
153678
153679
153682
154244
154247
154250
154253
154294
154295
154296
154297
154298
154299
154300
154301
154302
154303
154304
154305
154306
154307
154308
154310
154311
154352
154353
154354
154355
154356
154357
154358
154359
154360
154361
154363
154364
154396
154397
154399
154400
154401
154402
154403
154404
154405
154407
154436
154437
154438
154439
154440
154441
154442
154443
154444
154445
154447
154448
154476
154477
154478
154479
154480
154481
154482
154483
154484
154485
154487
154488
154516
154517
154518
154519
154520
154521
154522
154523
154524
154525
154527
154528
154558
154561
154562
154563
154564
154565
154566
154567
154568
154569
154607
154609
154610
154611
154612
154613
154614
154615
154616
154617
154618
154619
154620
154623
154662
154664
154665
154666
154667
154668
154669
154670
154671
154672
154673
154674
154675
154676
154679
155241
155244
155247
155250
155291
155292
155293
155294
155295
155296
155297
155298
155299
155300
155301
155302
155303
155304
155305
155307
155308
155349
155350
155351
155352
155353
155354
155355
155356
155357
155358
155360
155361
155393
155394
155396
155397
155398
155399
155400
155401
155402
155404
155433
155434
155435
155436
155437
155438
155439
155440
155441
155442
155444
155445
155473
155474
155475
155476
155477
155478
155479
155480
155481
155482
155484
155485
155513
155514
155515
155516
155517
155518
155519
155520
155521
155522
155524
155525
155555
155558
155559
155560
155561
155562
155563
155564
155565
155566
155604
155606
155607
155608
155609
155610
155611
155612
155613
155614
155615
155616
155617
155620
155659
155661
155662
155663
155664
155665
155666
155667
155668
155669
155670
155671
155672
155673
155676
156238
156241
156244
156247
156288
156289
156290
156291
156292
156293
156294
156295
156296
156297
156298
156299
156300
156301
156302
156304
156305
156346
156347
156348
156349
156350
156351
156352
156353
156354
156355
156357
156358
156390
156391
156393
156394
156395
156396
156397
156398
156399
156401
156430
156431
156432
156433
156434
156435
156436
156437
156438
156439
156441
156442
156470
156471
156472
156473
156474
156475
156476
156477
156478
156479
156481
156482
156510
156511
156512
156513
156514
156515
156516
156517
156518
156519
156521
156522
156552
156555
156556
156557
156558
156559
156560
156561
156562
156563
156601
156603
156604
156605
156606
156607
156608
156609
156610
156611
156612
156613
156614
156617
156656
156658
156659
156660
156661
156662
156663
156664
156665
156666
156667
156668
156669
156670
156673
157235
157238
157241
157244
157285
157286
157287
157288
157289
157290
157291
157292
157293
157294
157295
157296
157297
157298
157299
157301
157302
157343
157344
157345
157346
157347
157348
157349
157350
157351
157352
157354
157355
157387
157388
157390
157391
157392
157393
157394
157395
157396
157398
157427
157428
157429
157430
157431
157432
157433
157434
157435
157436
157438
157439
157467
157468
157469
157470
157471
157472
157473
157474
157475
157476
157478
157479
157507
157508
157509
157510
157511
157512
157513
157514
157515
157516
157518
157519
157549
157552
157553
157554
157555
157556
157557
157558
157559
157560
157598
157600
157601
157602
157603
157604
157605
157606
157607
157608
157609
157610
157611
157614
157653
157655
157656
157657
157658
157659
157660
157661
157662
157663
157664
157665
157666
157667
157670
158232
158235
158238
158241
158282
158283
158284
158285
158286
158287
158288
158289
158290
158291
158292
158293
158294
158295
158296
158298
158299
158340
158341
158342
158343
158344
158345
158346
158347
158348
158349
158351
158352
158384
158385
158387
158388
158389
158390
158391
158392
158393
158395
158424
158425
158426
158427
158428
158429
158430
158431
158432
158433
158435
158436
158464
158465
158466
158467
158468
158469
158470
158471
158472
158473
158475
158476
158504
158505
158506
158507
158508
158509
158510
158511
158512
158513
158515
158516
158546
158549
158550
158551
158552
158553
158554
158555
158556
158557
158595
158597
158598
158599
158600
158601
158602
158603
158604
158605
158606
158607
158608
158611
158650
158652
158653
158654
158655
158656
158657
158658
158659
158660
158661
158662
158663
158664
158667
159229
159232
159235
159238
159279
159280
159281
159282
159283
159284
159285
159286
159287
159288
159289
159290
159291
159292
159293
159295
159296
159337
159338
159339
159340
159341
159342
159343
159344
159345
159346
159348
159349
159381
159382
159384
159385
159386
159387
159388
159389
159390
159392
159421
159422
159423
159424
159425
159426
159427
159428
159429
159430
159432
159433
159461
159462
159463
159464
159465
159466
159467
159468
159469
159470
159472
159473
159501
159502
159503
159504
159505
159506
159507
159508
159509
159510
159512
159513
159543
159546
159547
159548
159549
159550
159551
159552
159553
159554
159592
159594
159595
159596
159597
159598
159599
159600
159601
159602
159603
159604
159605
159608
159647
159649
159650
159651
159652
159653
159654
159655
159656
159657
159658
159659
159660
159661
159664
160226
160229
160232
160235
160276
160277
160278
160279
160280
160281
160282
160283
160284
160285
160286
160287
160288
160289
160290
160292
160293
160334
160335
160336
160337
160338
160339
160340
160341
160342
160343
160345
160346
160378
160379
160381
160382
160383
160384
160385
160386
160387
160389
160418
160419
160420
160421
160422
160423
160424
160425
160426
160427
160429
160430
160458
160459
160460
160461
160462
160463
160464
160465
160466
160467
160469
160470
160498
160499
160500
160501
160502
160503
160504
160505
160506
160507
160509
160510
160540
160543
160544
160545
160546
160547
160548
160549
160550
160551
160589
160591
160592
160593
160594
160595
160596
160597
160598
160599
160600
160601
160602
160605
160644
160646
160647
160648
160649
160650
160651
160652
160653
160654
160655
160656
160657
160658
160661
161223
161226
161229
161232
161273
161274
161275
161276
161277
161278
161279
161280
161281
161282
161283
161284
161285
161286
161287
161289
161290
161331
161332
161333
161334
161335
161336
161337
161338
161339
161340
161342
161343
161375
161376
161378
161379
161380
161381
161382
161383
161384
161386
161415
161416
161417
161418
161419
161420
161421
161422
161423
161424
161426
161427
161455
161456
161457
161458
161459
161460
161461
161462
161463
161464
161466
161467
161495
161496
161497
161498
161499
161500
161501
161502
161503
161504
161506
161507
161537
161540
161541
161542
161543
161544
161545
161546
161547
161548
161586
161588
161589
161590
161591
161592
161593
161594
161595
161596
161597
161598
161599
161602
161641
161643
161644
161645
161646
161647
161648
161649
161650
161651
161652
161653
161654
161655
161658
162334
162337
162340
162343
162384
162385
162386
162387
162388
162389
162390
162391
162392
162393
162394
162395
162396
162397
162398
162400
162401
162446
162447
162448
162449
162450
162451
162452
162453
162454
162455
162456
162457
162458
162459
162461
162462
162504
162505
162507
162508
162509
162510
162511
162512
162513
162514
162515
162516
162517
162518
162519
162521
162562
162563
162564
162565
162566
162567
162568
162569
162570
162571
162572
162573
162574
162575
162576
162577
162579
162580
162620
162621
162622
162623
162624
162625
162626
162627
162628
162629
162630
162631
162632
162633
162634
162635
162637
162638
162678
162679
162680
162681
162682
162683
162684
162685
162686
162687
162688
162689
162690
162691
162692
162693
162695
162696
162738
162741
162742
162743
162744
162745
162746
162747
162748
162749
162750
162751
162752
162753
162754
162755
162803
162805
162806
162807
162808
162809
162810
162811
162812
162813
162814
162815
162816
162817
162818
162819
162820
162823
162866
162868
162869
162870
162871
162872
162873
162874
162875
162876
162877
162878
162879
162880
162883
163644
163647
163649
163651
163684
163685
163686
163687
163688
163689
163690
163691
163692
163693
163695
163737
163738
163739
163740
163741
163742
163743
163744
163745
163746
163747
163748
163749
163750
163751
163752
163753
163754
163756
163808
163809
163810
163811
163812
163813
163814
163815
163816
163817
163818
163819
163820
163821
163822
163823
163824
163825
163826
163827
163828
163829
163830
163831
163833
163889
163890
163891
163892
163893
163894
163895
163896
163897
163898
163899
163900
163901
163902
163903
163904
163905
163906
163907
163908
163909
163910
163911
163912
163913
163914
163916
163974
163975
163976
163977
163978
163979
163980
163981
163982
163983
163984
163985
163986
163987
163988
163989
163990
163991
163992
163993
163994
163995
163996
163997
163998
163999
164001
164059
164060
164061
164062
164063
164064
164065
164066
164067
164068
164069
164070
164071
164072
164073
164074
164075
164076
164077
164078
164079
164080
164081
164082
164083
164084
164086
164142
164144
164145
164146
164147
164148
164149
164150
164151
164152
164153
164154
164155
164156
164157
164158
164159
164160
164161
164162
164163
164164
164165
164216
164218
164219
164220
164221
164222
164223
164224
164225
164226
164227
164228
164229
164230
164231
164232
164233
164271
164273
164274
164275
164276
164277
164278
164279
164280
164748
164749
164751
164752
164754
164755
164757
164787
164788
164790
164791
164793
164794
164796
164797
164799
164800
164802
164844
164845
164847
164848
164850
164851
164853
164854
164856
164857
164859
164860
164862
164863
164865
164913
164914
164916
164917
164919
164920
164922
164923
164925
164926
164928
164929
164931
164932
164934
164980
164982
164983
164985
164986
164988
164989
164991
164992
164994
164995
164997
164998
165037
165039
165040
165042
165043
165045
165046
165048
165049
165074
165076
165078
165225
165226
165227
165236
165237
165238
165239
165240
165241
165242
165247
165248
165249
165250
165255
165256
165262
165263
165269
165270
165276
165277
165283
165284
165285
165286
165294
165295
165296
165297
165298
165299
165300
165307
165308
165309
165468
165469
165486
165487
165570
165571
165588
165589
165672
165673
165690
165691
165774
165775
165792
165793
165876
165877
165894
165895
165978
165979
165996
165997
166080
166081
166098
166099
166182
166183
166200
166201
166284
166285
166302
166303
166386
166387
166404
166405
166488
166489
166506
166507
166590
166591
166608
166609
166692
166693
166710
166711
166794
166795
166812
166813
166896
166897
166914
166915
166998
166999
167016
167017
167100
167101
167118
167119
167202
167203
167220
167221
167304
167305
167322
167323
167406
167407
167424
167425
167508
167509
167526
167527
167610
167611
167628
167629
167712
167713
167730
167731
167814
167815
167832
167833
167916
167917
167934
167935
168018
168019
168036
168037
168120
168121
168138
168139
168222
168223
168240
168241
168324
168325
168342
168343
168426
168427
168444
168445
168528
168529
168546
168547
169338
169339
169353
169354
169355
169356
169391
169392
169393
169394
169395
169396
169624
169625
169639
169640
169641
169642
169677
169678
169679
169680
169681
169682
169910
169911
169925
169926
169927
169928
169963
169964
169965
169966
169967
169968
170196
170197
170211
170212
170213
170214
170249
170250
170251
170252
170253
170254
170482
170483
170497
170498
170499
170500
170535
170536
170537
170538
170539
170540
170768
170769
170783
170784
170785
170786
170821
170822
170823
170824
170825
170826
171054
171055
171069
171070
171071
171072
171107
171108
171109
171110
171111
171112
171340
171341
171355
171356
171357
171358
171393
171394
171395
171396
171397
171398
171626
171627
171641
171642
171643
171644
171679
171680
171681
171682
171683
171684
171912
171913
171927
171928
171929
171930
171965
171966
171967
171968
171969
171970
172198
172199
172213
172214
172215
172216
172251
172252
172253
172254
172255
172256
172484
172485
172499
172500
172501
172502
172537
172538
172539
172540
172541
172542
172770
172771
172785
172786
172787
172788
172823
172824
172825
172826
172827
172828
173056
173057
173071
173072
173073
173074
173109
173110
173111
173112
173113
173114
173342
173343
173357
173358
173359
173360
173395
173396
173397
173398
173399
173400
173628
173629
173643
173644
173645
173646
173681
173682
173683
173684
173685
173686
173914
173915
173929
173930
173931
173932
173967
173968
173969
173970
173971
173972
174200
174201
174215
174216
174217
174218
174253
174254
174255
174256
174257
174258
174486
174487
174501
174502
174503
174504
174539
174540
174541
174542
174543
174544
174772
174773
174787
174788
174789
174790
174825
174826
174827
174828
174829
174830
175058
175059
175073
175074
175075
175076
175111
175112
175113
175114
175115
175116
175344
175345
175359
175360
175361
175362
175397
175398
175399
175400
175401
175402
175630
175631
175645
175646
175647
175648
175683
175684
175685
175686
175687
175688
175916
175917
175931
175932
175933
175934
175969
175970
175971
175972
175973
175974
176202
176203
176217
176218
176219
176220
176255
176256
176257
176258
176259
176260
176488
176489
176503
176504
176505
176506
176541
176542
176543
176544
176545
176546
176774
176775
176789
176790
176791
176792
176827
176828
176829
176830
176831
176832
177060
177061
177075
177076
177077
177078
177113
177114
177115
177116
177117
177118
177346
177347
177361
177362
177363
177364
177399
177400
177401
177402
177403
177404
177632
177633
177647
177648
177649
177650
177685
177686
177687
177688
177689
177690
177918
177919
177933
177934
177935
177936
177971
177972
177973
177974
177975
177976
180332
180333
180334
180335
180336
180337
180371
180372
180387
180388
180389
180390
180628
180629
180630
180631
180632
180633
180667
180668
180683
180684
180685
180686
180924
180925
180926
180927
180928
180929
180963
180964
180979
180980
180981
180982
181220
181221
181222
181223
181224
181225
181259
181260
181275
181276
181277
181278
181516
181517
181518
181519
181520
181521
181555
181556
181571
181572
181573
181574
181812
181813
181814
181815
181816
181817
181851
181852
181867
181868
181869
181870
182108
182109
182110
182111
182112
182113
182147
182148
182163
182164
182165
182166
182404
182405
182406
182407
182408
182409
182443
182444
182459
182460
182461
182462
182700
182701
182702
182703
182704
182705
182739
182740
182755
182756
182757
182758
182996
182997
182998
182999
183000
183001
183035
183036
183051
183052
183053
183054
183292
183293
183294
183295
183296
183297
183331
183332
183347
183348
183349
183350
183588
183589
183590
183591
183592
183593
183627
183628
183643
183644
183645
183646
183884
183885
183886
183887
183888
183889
183923
183924
183939
183940
183941
183942
184180
184181
184182
184183
184184
184185
184219
184220
184235
184236
184237
184238
184476
184477
184478
184479
184480
184481
184515
184516
184531
184532
184533
184534
184772
184773
184774
184775
184776
184777
184811
184812
184827
184828
184829
184830
185068
185069
185070
185071
185072
185073
185107
185108
185123
185124
185125
185126
185364
185365
185366
185367
185368
185369
185403
185404
185419
185420
185421
185422
185660
185661
185662
185663
185664
185665
185699
185700
185715
185716
185717
185718
185956
185957
185958
185959
185960
185961
185995
185996
186011
186012
186013
186014
186252
186253
186254
186255
186256
186257
186291
186292
186307
186308
186309
186310
186548
186549
186550
186551
186552
186553
186587
186588
186603
186604
186605
186606
186844
186845
186846
186847
186848
186849
186883
186884
186899
186900
186901
186902
187140
187141
187142
187143
187144
187145
187179
187180
187195
187196
187197
187198
187436
187437
187438
187439
187440
187441
187475
187476
187491
187492
187493
187494
187732
187733
187734
187735
187736
187737
187771
187772
187787
187788
187789
187790
188028
188029
188030
188031
188032
188033
188067
188068
188083
188084
188085
188086
188324
188325
188326
188327
188328
188329
188363
188364
188379
188380
188381
188382
188620
188621
188622
188623
188624
188625
188659
188660
188675
188676
188677
188678
188916
188917
188918
188919
188920
188921
188955
188956
188971
188972
188973
188974
189198
189199
189200
189201
189233
189234
189247
189248
191226
191227
191230
191231
)


// ************************************************************************* //
