/*--------------------------------*- C++ -*----------------------------------*\
| =========                 |                                                 |
| \\      /  F ield         | OpenFOAM: The Open Source CFD Toolbox           |
|  \\    /   O peration     | Version:  2606                                  |
|   \\  /    A nd           | Website:  www.openfoam.com                      |
|    \\/     M anipulation  |                                                 |
\*---------------------------------------------------------------------------*/
FoamFile
{
    version     2.0;
    format      ascii;
    arch        "LSB;label=32;scalar=64";
    class       labelList;
    location    "constant/cell0/polyMesh";
    object      cellRegionAddressing;
}
// * * * * * * * * * * * * * * * * * * * * * * * * * * * * * * * * * * * * * //


9262
(
214
215
216
302
303
304
305
306
307
391
392
393
394
395
396
397
398
481
482
483
484
485
486
487
488
489
571
572
573
574
575
576
577
578
579
661
662
663
664
665
666
667
668
669
751
752
753
754
755
756
757
758
842
843
844
845
846
847
848
933
934
935
936
937
2284
2285
2286
2372
2373
2374
2375
2376
2377
2461
2462
2463
2464
2465
2466
2467
2468
2551
2552
2553
2554
2555
2556
2557
2558
2559
2641
2642
2643
2644
2645
2646
2647
2648
2649
2731
2732
2733
2734
2735
2736
2737
2738
2739
2821
2822
2823
2824
2825
2826
2827
2828
2912
2913
2914
2915
2916
2917
2918
3003
3004
3005
3006
3007
4354
4355
4356
4442
4443
4444
4445
4446
4447
4531
4532
4533
4534
4535
4536
4537
4538
4621
4622
4623
4624
4625
4626
4627
4628
4629
4711
4712
4713
4714
4715
4716
4717
4718
4719
4801
4802
4803
4804
4805
4806
4807
4808
4809
4891
4892
4893
4894
4895
4896
4897
4898
4982
4983
4984
4985
4986
4987
4988
5073
5074
5075
5076
5077
6424
6425
6426
6512
6513
6514
6515
6516
6517
6601
6602
6603
6604
6605
6606
6607
6608
6691
6692
6693
6694
6695
6696
6697
6698
6699
6781
6782
6783
6784
6785
6786
6787
6788
6789
6871
6872
6873
6874
6875
6876
6877
6878
6879
6961
6962
6963
6964
6965
6966
6967
6968
7052
7053
7054
7055
7056
7057
7058
7143
7144
7145
7146
7147
8494
8495
8496
8582
8583
8584
8585
8586
8587
8671
8672
8673
8674
8675
8676
8677
8678
8761
8762
8763
8764
8765
8766
8767
8768
8769
8851
8852
8853
8854
8855
8856
8857
8858
8859
8941
8942
8943
8944
8945
8946
8947
8948
8949
9031
9032
9033
9034
9035
9036
9037
9038
9122
9123
9124
9125
9126
9127
9128
9213
9214
9215
9216
9217
10564
10565
10566
10652
10653
10654
10655
10656
10657
10741
10742
10743
10744
10745
10746
10747
10748
10831
10832
10833
10834
10835
10836
10837
10838
10839
10921
10922
10923
10924
10925
10926
10927
10928
10929
11011
11012
11013
11014
11015
11016
11017
11018
11019
11101
11102
11103
11104
11105
11106
11107
11108
11192
11193
11194
11195
11196
11197
11198
11283
11284
11285
11286
11287
12634
12635
12636
12722
12723
12724
12725
12726
12727
12811
12812
12813
12814
12815
12816
12817
12818
12901
12902
12903
12904
12905
12906
12907
12908
12909
12991
12992
12993
12994
12995
12996
12997
12998
12999
13081
13082
13083
13084
13085
13086
13087
13088
13089
13171
13172
13173
13174
13175
13176
13177
13178
13262
13263
13264
13265
13266
13267
13268
13353
13354
13355
13356
13357
14704
14705
14706
14792
14793
14794
14795
14796
14797
14881
14882
14883
14884
14885
14886
14887
14888
14971
14972
14973
14974
14975
14976
14977
14978
14979
15061
15062
15063
15064
15065
15066
15067
15068
15069
15151
15152
15153
15154
15155
15156
15157
15158
15159
15241
15242
15243
15244
15245
15246
15247
15248
15332
15333
15334
15335
15336
15337
15338
15423
15424
15425
15426
15427
16774
16775
16776
16862
16863
16864
16865
16866
16867
16951
16952
16953
16954
16955
16956
16957
16958
17041
17042
17043
17044
17045
17046
17047
17048
17049
17131
17132
17133
17134
17135
17136
17137
17138
17139
17221
17222
17223
17224
17225
17226
17227
17228
17229
17311
17312
17313
17314
17315
17316
17317
17318
17402
17403
17404
17405
17406
17407
17408
17493
17494
17495
17496
17497
18844
18845
18846
18932
18933
18934
18935
18936
18937
19021
19022
19023
19024
19025
19026
19027
19028
19111
19112
19113
19114
19115
19116
19117
19118
19119
19201
19202
19203
19204
19205
19206
19207
19208
19209
19291
19292
19293
19294
19295
19296
19297
19298
19299
19381
19382
19383
19384
19385
19386
19387
19388
19472
19473
19474
19475
19476
19477
19478
19563
19564
19565
19566
19567
20914
20915
20916
21002
21003
21004
21005
21006
21007
21091
21092
21093
21094
21095
21096
21097
21098
21181
21182
21183
21184
21185
21186
21187
21188
21189
21271
21272
21273
21274
21275
21276
21277
21278
21279
21361
21362
21363
21364
21365
21366
21367
21368
21369
21451
21452
21453
21454
21455
21456
21457
21458
21542
21543
21544
21545
21546
21547
21548
21633
21634
21635
21636
21637
22984
22985
22986
23072
23073
23074
23075
23076
23077
23161
23162
23163
23164
23165
23166
23167
23168
23251
23252
23253
23254
23255
23256
23257
23258
23259
23341
23342
23343
23344
23345
23346
23347
23348
23349
23431
23432
23433
23434
23435
23436
23437
23438
23439
23521
23522
23523
23524
23525
23526
23527
23528
23612
23613
23614
23615
23616
23617
23618
23703
23704
23705
23706
23707
25054
25055
25056
25142
25143
25144
25145
25146
25147
25231
25232
25233
25234
25235
25236
25237
25238
25321
25322
25323
25324
25325
25326
25327
25328
25329
25411
25412
25413
25414
25415
25416
25417
25418
25419
25501
25502
25503
25504
25505
25506
25507
25508
25509
25591
25592
25593
25594
25595
25596
25597
25598
25682
25683
25684
25685
25686
25687
25688
25773
25774
25775
25776
25777
27124
27125
27126
27212
27213
27214
27215
27216
27217
27301
27302
27303
27304
27305
27306
27307
27308
27391
27392
27393
27394
27395
27396
27397
27398
27399
27481
27482
27483
27484
27485
27486
27487
27488
27489
27571
27572
27573
27574
27575
27576
27577
27578
27579
27661
27662
27663
27664
27665
27666
27667
27668
27752
27753
27754
27755
27756
27757
27758
27843
27844
27845
27846
27847
29194
29195
29196
29282
29283
29284
29285
29286
29287
29371
29372
29373
29374
29375
29376
29377
29378
29461
29462
29463
29464
29465
29466
29467
29468
29469
29551
29552
29553
29554
29555
29556
29557
29558
29559
29641
29642
29643
29644
29645
29646
29647
29648
29649
29731
29732
29733
29734
29735
29736
29737
29738
29822
29823
29824
29825
29826
29827
29828
29913
29914
29915
29916
29917
31264
31265
31266
31352
31353
31354
31355
31356
31357
31441
31442
31443
31444
31445
31446
31447
31448
31531
31532
31533
31534
31535
31536
31537
31538
31539
31621
31622
31623
31624
31625
31626
31627
31628
31629
31711
31712
31713
31714
31715
31716
31717
31718
31719
31801
31802
31803
31804
31805
31806
31807
31808
31892
31893
31894
31895
31896
31897
31898
31983
31984
31985
31986
31987
33334
33335
33336
33422
33423
33424
33425
33426
33427
33511
33512
33513
33514
33515
33516
33517
33518
33601
33602
33603
33604
33605
33606
33607
33608
33609
33691
33692
33693
33694
33695
33696
33697
33698
33699
33781
33782
33783
33784
33785
33786
33787
33788
33789
33871
33872
33873
33874
33875
33876
33877
33878
33962
33963
33964
33965
33966
33967
33968
34053
34054
34055
34056
34057
35404
35405
35406
35492
35493
35494
35495
35496
35497
35581
35582
35583
35584
35585
35586
35587
35588
35671
35672
35673
35674
35675
35676
35677
35678
35679
35761
35762
35763
35764
35765
35766
35767
35768
35769
35851
35852
35853
35854
35855
35856
35857
35858
35859
35941
35942
35943
35944
35945
35946
35947
35948
36032
36033
36034
36035
36036
36037
36038
36123
36124
36125
36126
36127
37474
37475
37476
37562
37563
37564
37565
37566
37567
37651
37652
37653
37654
37655
37656
37657
37658
37741
37742
37743
37744
37745
37746
37747
37748
37749
37831
37832
37833
37834
37835
37836
37837
37838
37839
37921
37922
37923
37924
37925
37926
37927
37928
37929
38011
38012
38013
38014
38015
38016
38017
38018
38102
38103
38104
38105
38106
38107
38108
38193
38194
38195
38196
38197
39544
39545
39546
39632
39633
39634
39635
39636
39637
39721
39722
39723
39724
39725
39726
39727
39728
39811
39812
39813
39814
39815
39816
39817
39818
39819
39901
39902
39903
39904
39905
39906
39907
39908
39909
39991
39992
39993
39994
39995
39996
39997
39998
39999
40081
40082
40083
40084
40085
40086
40087
40088
40172
40173
40174
40175
40176
40177
40178
40263
40264
40265
40266
40267
41614
41615
41616
41702
41703
41704
41705
41706
41707
41791
41792
41793
41794
41795
41796
41797
41798
41881
41882
41883
41884
41885
41886
41887
41888
41889
41971
41972
41973
41974
41975
41976
41977
41978
41979
42061
42062
42063
42064
42065
42066
42067
42068
42069
42151
42152
42153
42154
42155
42156
42157
42158
42242
42243
42244
42245
42246
42247
42248
42333
42334
42335
42336
42337
43684
43685
43686
43772
43773
43774
43775
43776
43777
43861
43862
43863
43864
43865
43866
43867
43868
43951
43952
43953
43954
43955
43956
43957
43958
43959
44041
44042
44043
44044
44045
44046
44047
44048
44049
44131
44132
44133
44134
44135
44136
44137
44138
44139
44221
44222
44223
44224
44225
44226
44227
44228
44312
44313
44314
44315
44316
44317
44318
44403
44404
44405
44406
44407
45754
45755
45756
45842
45843
45844
45845
45846
45847
45931
45932
45933
45934
45935
45936
45937
45938
46021
46022
46023
46024
46025
46026
46027
46028
46029
46111
46112
46113
46114
46115
46116
46117
46118
46119
46201
46202
46203
46204
46205
46206
46207
46208
46209
46291
46292
46293
46294
46295
46296
46297
46298
46382
46383
46384
46385
46386
46387
46388
46473
46474
46475
46476
46477
47824
47825
47826
47912
47913
47914
47915
47916
47917
48001
48002
48003
48004
48005
48006
48007
48008
48091
48092
48093
48094
48095
48096
48097
48098
48099
48181
48182
48183
48184
48185
48186
48187
48188
48189
48271
48272
48273
48274
48275
48276
48277
48278
48279
48361
48362
48363
48364
48365
48366
48367
48368
48452
48453
48454
48455
48456
48457
48458
48543
48544
48545
48546
48547
49894
49895
49896
49982
49983
49984
49985
49986
49987
50071
50072
50073
50074
50075
50076
50077
50078
50161
50162
50163
50164
50165
50166
50167
50168
50169
50251
50252
50253
50254
50255
50256
50257
50258
50259
50341
50342
50343
50344
50345
50346
50347
50348
50349
50431
50432
50433
50434
50435
50436
50437
50438
50522
50523
50524
50525
50526
50527
50528
50613
50614
50615
50616
50617
51964
51965
51966
52052
52053
52054
52055
52056
52057
52141
52142
52143
52144
52145
52146
52147
52148
52231
52232
52233
52234
52235
52236
52237
52238
52239
52321
52322
52323
52324
52325
52326
52327
52328
52329
52411
52412
52413
52414
52415
52416
52417
52418
52419
52501
52502
52503
52504
52505
52506
52507
52508
52592
52593
52594
52595
52596
52597
52598
52683
52684
52685
52686
52687
54034
54035
54036
54122
54123
54124
54125
54126
54127
54211
54212
54213
54214
54215
54216
54217
54218
54301
54302
54303
54304
54305
54306
54307
54308
54309
54391
54392
54393
54394
54395
54396
54397
54398
54399
54481
54482
54483
54484
54485
54486
54487
54488
54489
54571
54572
54573
54574
54575
54576
54577
54578
54662
54663
54664
54665
54666
54667
54668
54753
54754
54755
54756
54757
56104
56105
56106
56192
56193
56194
56195
56196
56197
56281
56282
56283
56284
56285
56286
56287
56288
56371
56372
56373
56374
56375
56376
56377
56378
56379
56461
56462
56463
56464
56465
56466
56467
56468
56469
56551
56552
56553
56554
56555
56556
56557
56558
56559
56641
56642
56643
56644
56645
56646
56647
56648
56732
56733
56734
56735
56736
56737
56738
56823
56824
56825
56826
56827
58174
58175
58176
58262
58263
58264
58265
58266
58267
58351
58352
58353
58354
58355
58356
58357
58358
58441
58442
58443
58444
58445
58446
58447
58448
58449
58531
58532
58533
58534
58535
58536
58537
58538
58539
58621
58622
58623
58624
58625
58626
58627
58628
58629
58711
58712
58713
58714
58715
58716
58717
58718
58802
58803
58804
58805
58806
58807
58808
58893
58894
58895
58896
58897
60244
60245
60246
60332
60333
60334
60335
60336
60337
60421
60422
60423
60424
60425
60426
60427
60428
60511
60512
60513
60514
60515
60516
60517
60518
60519
60601
60602
60603
60604
60605
60606
60607
60608
60609
60691
60692
60693
60694
60695
60696
60697
60698
60699
60781
60782
60783
60784
60785
60786
60787
60788
60872
60873
60874
60875
60876
60877
60878
60963
60964
60965
60966
60967
62314
62315
62316
62402
62403
62404
62405
62406
62407
62491
62492
62493
62494
62495
62496
62497
62498
62581
62582
62583
62584
62585
62586
62587
62588
62589
62671
62672
62673
62674
62675
62676
62677
62678
62679
62761
62762
62763
62764
62765
62766
62767
62768
62769
62851
62852
62853
62854
62855
62856
62857
62858
62942
62943
62944
62945
62946
62947
62948
63033
63034
63035
63036
63037
64384
64385
64386
64472
64473
64474
64475
64476
64477
64561
64562
64563
64564
64565
64566
64567
64568
64651
64652
64653
64654
64655
64656
64657
64658
64659
64741
64742
64743
64744
64745
64746
64747
64748
64749
64831
64832
64833
64834
64835
64836
64837
64838
64839
64921
64922
64923
64924
64925
64926
64927
64928
65012
65013
65014
65015
65016
65017
65018
65103
65104
65105
65106
65107
66454
66455
66456
66542
66543
66544
66545
66546
66547
66631
66632
66633
66634
66635
66636
66637
66638
66721
66722
66723
66724
66725
66726
66727
66728
66729
66811
66812
66813
66814
66815
66816
66817
66818
66819
66901
66902
66903
66904
66905
66906
66907
66908
66909
66991
66992
66993
66994
66995
66996
66997
66998
67082
67083
67084
67085
67086
67087
67088
67173
67174
67175
67176
67177
74522
74527
74528
74529
74534
74535
74536
74541
74542
74543
74549
74550
74556
74648
74653
74654
74655
74660
74661
74662
74668
74737
74738
74739
74744
74745
74746
74814
74816
74822
74856
74858
74864
74898
74900
74906
74947
74948
74949
74954
74955
74956
75024
75031
75032
75033
75038
75039
75040
75108
75115
75117
75122
75123
75124
75129
75130
75131
75136
75137
76076
76080
76081
76082
76083
76085
76086
76087
76088
76089
76090
76091
76092
76093
76094
76095
76096
76097
76098
76099
76100
76101
76103
76104
76105
76107
76108
76110
76114
76202
76206
76207
76208
76209
76210
76211
76212
76213
76214
76215
76216
76217
76218
76219
76220
76222
76226
76291
76292
76293
76294
76295
76296
76297
76298
76299
76300
76301
76302
76303
76304
76368
76370
76372
76374
76375
76376
76377
76378
76379
76380
76381
76382
76383
76384
76385
76386
76387
76388
76390
76392
76394
76452
76454
76456
76458
76459
76460
76461
76462
76463
76464
76465
76466
76467
76468
76469
76470
76471
76472
76474
76476
76478
76536
76538
76540
76542
76543
76544
76545
76546
76547
76548
76549
76550
76551
76552
76553
76554
76555
76556
76558
76560
76562
76627
76628
76629
76630
76631
76632
76633
76634
76635
76636
76637
76638
76639
76640
76704
76708
76711
76712
76713
76714
76715
76716
76717
76718
76719
76720
76721
76722
76723
76724
76728
76788
76792
76795
76797
76798
76799
76801
76802
76803
76804
76805
76806
76807
76808
76809
76810
76811
76812
76813
76814
76815
76816
76817
76819
76820
76821
76826
78008
78012
78013
78014
78015
78017
78018
78019
78020
78021
78022
78023
78024
78025
78026
78027
78028
78029
78030
78031
78032
78033
78035
78036
78037
78039
78040
78042
78046
78134
78138
78139
78140
78141
78142
78143
78144
78145
78146
78147
78148
78149
78150
78151
78152
78154
78158
78223
78224
78225
78226
78227
78228
78229
78230
78231
78232
78233
78234
78235
78236
78300
78302
78304
78306
78307
78308
78309
78310
78311
78312
78313
78314
78315
78316
78317
78318
78319
78320
78322
78324
78326
78384
78386
78388
78390
78391
78392
78393
78394
78395
78396
78397
78398
78399
78400
78401
78402
78403
78404
78406
78408
78410
78468
78470
78472
78474
78475
78476
78477
78478
78479
78480
78481
78482
78483
78484
78485
78486
78487
78488
78490
78492
78494
78559
78560
78561
78562
78563
78564
78565
78566
78567
78568
78569
78570
78571
78572
78636
78640
78643
78644
78645
78646
78647
78648
78649
78650
78651
78652
78653
78654
78655
78656
78660
78720
78724
78727
78729
78730
78731
78733
78734
78735
78736
78737
78738
78739
78740
78741
78742
78743
78744
78745
78746
78747
78748
78749
78751
78752
78753
78758
79940
79944
79945
79946
79947
79949
79950
79951
79952
79953
79954
79955
79956
79957
79958
79959
79960
79961
79962
79963
79964
79965
79967
79968
79969
79971
79972
79974
79978
80066
80070
80071
80072
80073
80074
80075
80076
80077
80078
80079
80080
80081
80082
80083
80084
80086
80090
80155
80156
80157
80158
80159
80160
80161
80162
80163
80164
80165
80166
80167
80168
80232
80234
80236
80238
80239
80240
80241
80242
80243
80244
80245
80246
80247
80248
80249
80250
80251
80252
80254
80256
80258
80316
80318
80320
80322
80323
80324
80325
80326
80327
80328
80329
80330
80331
80332
80333
80334
80335
80336
80338
80340
80342
80400
80402
80404
80406
80407
80408
80409
80410
80411
80412
80413
80414
80415
80416
80417
80418
80419
80420
80422
80424
80426
80491
80492
80493
80494
80495
80496
80497
80498
80499
80500
80501
80502
80503
80504
80568
80572
80575
80576
80577
80578
80579
80580
80581
80582
80583
80584
80585
80586
80587
80588
80592
80652
80656
80659
80661
80662
80663
80665
80666
80667
80668
80669
80670
80671
80672
80673
80674
80675
80676
80677
80678
80679
80680
80681
80683
80684
80685
80690
81872
81876
81877
81878
81879
81881
81882
81883
81884
81885
81886
81887
81888
81889
81890
81891
81892
81893
81894
81895
81896
81897
81899
81900
81901
81903
81904
81906
81910
81998
82002
82003
82004
82005
82006
82007
82008
82009
82010
82011
82012
82013
82014
82015
82016
82018
82022
82087
82088
82089
82090
82091
82092
82093
82094
82095
82096
82097
82098
82099
82100
82164
82166
82168
82170
82171
82172
82173
82174
82175
82176
82177
82178
82179
82180
82181
82182
82183
82184
82186
82188
82190
82248
82250
82252
82254
82255
82256
82257
82258
82259
82260
82261
82262
82263
82264
82265
82266
82267
82268
82270
82272
82274
82332
82334
82336
82338
82339
82340
82341
82342
82343
82344
82345
82346
82347
82348
82349
82350
82351
82352
82354
82356
82358
82423
82424
82425
82426
82427
82428
82429
82430
82431
82432
82433
82434
82435
82436
82500
82504
82507
82508
82509
82510
82511
82512
82513
82514
82515
82516
82517
82518
82519
82520
82524
82584
82588
82591
82593
82594
82595
82597
82598
82599
82600
82601
82602
82603
82604
82605
82606
82607
82608
82609
82610
82611
82612
82613
82615
82616
82617
82622
83804
83808
83809
83810
83811
83813
83814
83815
83816
83817
83818
83819
83820
83821
83822
83823
83824
83825
83826
83827
83828
83829
83831
83832
83833
83835
83836
83838
83842
83930
83934
83935
83936
83937
83938
83939
83940
83941
83942
83943
83944
83945
83946
83947
83948
83950
83954
84019
84020
84021
84022
84023
84024
84025
84026
84027
84028
84029
84030
84031
84032
84096
84098
84100
84102
84103
84104
84105
84106
84107
84108
84109
84110
84111
84112
84113
84114
84115
84116
84118
84120
84122
84180
84182
84184
84186
84187
84188
84189
84190
84191
84192
84193
84194
84195
84196
84197
84198
84199
84200
84202
84204
84206
84264
84266
84268
84270
84271
84272
84273
84274
84275
84276
84277
84278
84279
84280
84281
84282
84283
84284
84286
84288
84290
84355
84356
84357
84358
84359
84360
84361
84362
84363
84364
84365
84366
84367
84368
84432
84436
84439
84440
84441
84442
84443
84444
84445
84446
84447
84448
84449
84450
84451
84452
84456
84516
84520
84523
84525
84526
84527
84529
84530
84531
84532
84533
84534
84535
84536
84537
84538
84539
84540
84541
84542
84543
84544
84545
84547
84548
84549
84554
85736
85740
85741
85742
85743
85745
85746
85747
85748
85749
85750
85751
85752
85753
85754
85755
85756
85757
85758
85759
85760
85761
85763
85764
85765
85767
85768
85770
85774
85862
85866
85867
85868
85869
85870
85871
85872
85873
85874
85875
85876
85877
85878
85879
85880
85882
85886
85951
85952
85953
85954
85955
85956
85957
85958
85959
85960
85961
85962
85963
85964
86028
86030
86032
86034
86035
86036
86037
86038
86039
86040
86041
86042
86043
86044
86045
86046
86047
86048
86050
86052
86054
86112
86114
86116
86118
86119
86120
86121
86122
86123
86124
86125
86126
86127
86128
86129
86130
86131
86132
86134
86136
86138
86196
86198
86200
86202
86203
86204
86205
86206
86207
86208
86209
86210
86211
86212
86213
86214
86215
86216
86218
86220
86222
86287
86288
86289
86290
86291
86292
86293
86294
86295
86296
86297
86298
86299
86300
86364
86368
86371
86372
86373
86374
86375
86376
86377
86378
86379
86380
86381
86382
86383
86384
86388
86448
86452
86455
86457
86458
86459
86461
86462
86463
86464
86465
86466
86467
86468
86469
86470
86471
86472
86473
86474
86475
86476
86477
86479
86480
86481
86486
87668
87672
87673
87674
87675
87677
87678
87679
87680
87681
87682
87683
87684
87685
87686
87687
87688
87689
87690
87691
87692
87693
87695
87696
87697
87699
87700
87702
87706
87794
87798
87799
87800
87801
87802
87803
87804
87805
87806
87807
87808
87809
87810
87811
87812
87814
87818
87883
87884
87885
87886
87887
87888
87889
87890
87891
87892
87893
87894
87895
87896
87960
87962
87964
87966
87967
87968
87969
87970
87971
87972
87973
87974
87975
87976
87977
87978
87979
87980
87982
87984
87986
88044
88046
88048
88050
88051
88052
88053
88054
88055
88056
88057
88058
88059
88060
88061
88062
88063
88064
88066
88068
88070
88128
88130
88132
88134
88135
88136
88137
88138
88139
88140
88141
88142
88143
88144
88145
88146
88147
88148
88150
88152
88154
88219
88220
88221
88222
88223
88224
88225
88226
88227
88228
88229
88230
88231
88232
88296
88300
88303
88304
88305
88306
88307
88308
88309
88310
88311
88312
88313
88314
88315
88316
88320
88380
88384
88387
88389
88390
88391
88393
88394
88395
88396
88397
88398
88399
88400
88401
88402
88403
88404
88405
88406
88407
88408
88409
88411
88412
88413
88418
89600
89604
89605
89606
89607
89609
89610
89611
89612
89613
89614
89615
89616
89617
89618
89619
89620
89621
89622
89623
89624
89625
89627
89628
89629
89631
89632
89634
89638
89726
89730
89731
89732
89733
89734
89735
89736
89737
89738
89739
89740
89741
89742
89743
89744
89746
89750
89815
89816
89817
89818
89819
89820
89821
89822
89823
89824
89825
89826
89827
89828
89892
89894
89896
89898
89899
89900
89901
89902
89903
89904
89905
89906
89907
89908
89909
89910
89911
89912
89914
89916
89918
89976
89978
89980
89982
89983
89984
89985
89986
89987
89988
89989
89990
89991
89992
89993
89994
89995
89996
89998
90000
90002
90060
90062
90064
90066
90067
90068
90069
90070
90071
90072
90073
90074
90075
90076
90077
90078
90079
90080
90082
90084
90086
90151
90152
90153
90154
90155
90156
90157
90158
90159
90160
90161
90162
90163
90164
90228
90232
90235
90236
90237
90238
90239
90240
90241
90242
90243
90244
90245
90246
90247
90248
90252
90312
90316
90319
90321
90322
90323
90325
90326
90327
90328
90329
90330
90331
90332
90333
90334
90335
90336
90337
90338
90339
90340
90341
90343
90344
90345
90350
91532
91536
91537
91538
91539
91541
91542
91543
91544
91545
91546
91547
91548
91549
91550
91551
91552
91553
91554
91555
91556
91557
91559
91560
91561
91563
91564
91566
91570
91658
91662
91663
91664
91665
91666
91667
91668
91669
91670
91671
91672
91673
91674
91675
91676
91678
91682
91747
91748
91749
91750
91751
91752
91753
91754
91755
91756
91757
91758
91759
91760
91824
91826
91828
91830
91831
91832
91833
91834
91835
91836
91837
91838
91839
91840
91841
91842
91843
91844
91846
91848
91850
91908
91910
91912
91914
91915
91916
91917
91918
91919
91920
91921
91922
91923
91924
91925
91926
91927
91928
91930
91932
91934
91992
91994
91996
91998
91999
92000
92001
92002
92003
92004
92005
92006
92007
92008
92009
92010
92011
92012
92014
92016
92018
92083
92084
92085
92086
92087
92088
92089
92090
92091
92092
92093
92094
92095
92096
92160
92164
92167
92168
92169
92170
92171
92172
92173
92174
92175
92176
92177
92178
92179
92180
92184
92244
92248
92251
92253
92254
92255
92257
92258
92259
92260
92261
92262
92263
92264
92265
92266
92267
92268
92269
92270
92271
92272
92273
92275
92276
92277
92282
93464
93468
93469
93470
93471
93473
93474
93475
93476
93477
93478
93479
93480
93481
93482
93483
93484
93485
93486
93487
93488
93489
93491
93492
93493
93495
93496
93498
93502
93590
93594
93595
93596
93597
93598
93599
93600
93601
93602
93603
93604
93605
93606
93607
93608
93610
93614
93679
93680
93681
93682
93683
93684
93685
93686
93687
93688
93689
93690
93691
93692
93756
93758
93760
93762
93763
93764
93765
93766
93767
93768
93769
93770
93771
93772
93773
93774
93775
93776
93778
93780
93782
93840
93842
93844
93846
93847
93848
93849
93850
93851
93852
93853
93854
93855
93856
93857
93858
93859
93860
93862
93864
93866
93924
93926
93928
93930
93931
93932
93933
93934
93935
93936
93937
93938
93939
93940
93941
93942
93943
93944
93946
93948
93950
94015
94016
94017
94018
94019
94020
94021
94022
94023
94024
94025
94026
94027
94028
94092
94096
94099
94100
94101
94102
94103
94104
94105
94106
94107
94108
94109
94110
94111
94112
94116
94176
94180
94183
94185
94186
94187
94189
94190
94191
94192
94193
94194
94195
94196
94197
94198
94199
94200
94201
94202
94203
94204
94205
94207
94208
94209
94214
95396
95400
95401
95402
95403
95405
95406
95407
95408
95409
95410
95411
95412
95413
95414
95415
95416
95417
95418
95419
95420
95421
95423
95424
95425
95427
95428
95430
95434
95522
95526
95527
95528
95529
95530
95531
95532
95533
95534
95535
95536
95537
95538
95539
95540
95542
95546
95611
95612
95613
95614
95615
95616
95617
95618
95619
95620
95621
95622
95623
95624
95688
95690
95692
95694
95695
95696
95697
95698
95699
95700
95701
95702
95703
95704
95705
95706
95707
95708
95710
95712
95714
95772
95774
95776
95778
95779
95780
95781
95782
95783
95784
95785
95786
95787
95788
95789
95790
95791
95792
95794
95796
95798
95856
95858
95860
95862
95863
95864
95865
95866
95867
95868
95869
95870
95871
95872
95873
95874
95875
95876
95878
95880
95882
95947
95948
95949
95950
95951
95952
95953
95954
95955
95956
95957
95958
95959
95960
96024
96028
96031
96032
96033
96034
96035
96036
96037
96038
96039
96040
96041
96042
96043
96044
96048
96108
96112
96115
96117
96118
96119
96121
96122
96123
96124
96125
96126
96127
96128
96129
96130
96131
96132
96133
96134
96135
96136
96137
96139
96140
96141
96146
97328
97332
97333
97334
97335
97337
97338
97339
97340
97341
97342
97343
97344
97345
97346
97347
97348
97349
97350
97351
97352
97353
97355
97356
97357
97359
97360
97362
97366
97454
97458
97459
97460
97461
97462
97463
97464
97465
97466
97467
97468
97469
97470
97471
97472
97474
97478
97543
97544
97545
97546
97547
97548
97549
97550
97551
97552
97553
97554
97555
97556
97620
97622
97624
97626
97627
97628
97629
97630
97631
97632
97633
97634
97635
97636
97637
97638
97639
97640
97642
97644
97646
97704
97706
97708
97710
97711
97712
97713
97714
97715
97716
97717
97718
97719
97720
97721
97722
97723
97724
97726
97728
97730
97788
97790
97792
97794
97795
97796
97797
97798
97799
97800
97801
97802
97803
97804
97805
97806
97807
97808
97810
97812
97814
97879
97880
97881
97882
97883
97884
97885
97886
97887
97888
97889
97890
97891
97892
97956
97960
97963
97964
97965
97966
97967
97968
97969
97970
97971
97972
97973
97974
97975
97976
97980
98040
98044
98047
98049
98050
98051
98053
98054
98055
98056
98057
98058
98059
98060
98061
98062
98063
98064
98065
98066
98067
98068
98069
98071
98072
98073
98078
99260
99264
99265
99266
99267
99269
99270
99271
99272
99273
99274
99275
99276
99277
99278
99279
99280
99281
99282
99283
99284
99285
99287
99288
99289
99291
99292
99294
99298
99386
99390
99391
99392
99393
99394
99395
99396
99397
99398
99399
99400
99401
99402
99403
99404
99406
99410
99475
99476
99477
99478
99479
99480
99481
99482
99483
99484
99485
99486
99487
99488
99552
99554
99556
99558
99559
99560
99561
99562
99563
99564
99565
99566
99567
99568
99569
99570
99571
99572
99574
99576
99578
99636
99638
99640
99642
99643
99644
99645
99646
99647
99648
99649
99650
99651
99652
99653
99654
99655
99656
99658
99660
99662
99720
99722
99724
99726
99727
99728
99729
99730
99731
99732
99733
99734
99735
99736
99737
99738
99739
99740
99742
99744
99746
99811
99812
99813
99814
99815
99816
99817
99818
99819
99820
99821
99822
99823
99824
99888
99892
99895
99896
99897
99898
99899
99900
99901
99902
99903
99904
99905
99906
99907
99908
99912
99972
99976
99979
99981
99982
99983
99985
99986
99987
99988
99989
99990
99991
99992
99993
99994
99995
99996
99997
99998
99999
100000
100001
100003
100004
100005
100010
101192
101196
101197
101198
101199
101201
101202
101203
101204
101205
101206
101207
101208
101209
101210
101211
101212
101213
101214
101215
101216
101217
101219
101220
101221
101223
101224
101226
101230
101318
101322
101323
101324
101325
101326
101327
101328
101329
101330
101331
101332
101333
101334
101335
101336
101338
101342
101407
101408
101409
101410
101411
101412
101413
101414
101415
101416
101417
101418
101419
101420
101484
101486
101488
101490
101491
101492
101493
101494
101495
101496
101497
101498
101499
101500
101501
101502
101503
101504
101506
101508
101510
101568
101570
101572
101574
101575
101576
101577
101578
101579
101580
101581
101582
101583
101584
101585
101586
101587
101588
101590
101592
101594
101652
101654
101656
101658
101659
101660
101661
101662
101663
101664
101665
101666
101667
101668
101669
101670
101671
101672
101674
101676
101678
101743
101744
101745
101746
101747
101748
101749
101750
101751
101752
101753
101754
101755
101756
101820
101824
101827
101828
101829
101830
101831
101832
101833
101834
101835
101836
101837
101838
101839
101840
101844
101904
101908
101911
101913
101914
101915
101917
101918
101919
101920
101921
101922
101923
101924
101925
101926
101927
101928
101929
101930
101931
101932
101933
101935
101936
101937
101942
103124
103128
103129
103130
103131
103133
103134
103135
103136
103137
103138
103139
103140
103141
103142
103143
103144
103145
103146
103147
103148
103149
103151
103152
103153
103155
103156
103158
103162
103250
103254
103255
103256
103257
103258
103259
103260
103261
103262
103263
103264
103265
103266
103267
103268
103270
103274
103339
103340
103341
103342
103343
103344
103345
103346
103347
103348
103349
103350
103351
103352
103416
103418
103420
103422
103423
103424
103425
103426
103427
103428
103429
103430
103431
103432
103433
103434
103435
103436
103438
103440
103442
103500
103502
103504
103506
103507
103508
103509
103510
103511
103512
103513
103514
103515
103516
103517
103518
103519
103520
103522
103524
103526
103584
103586
103588
103590
103591
103592
103593
103594
103595
103596
103597
103598
103599
103600
103601
103602
103603
103604
103606
103608
103610
103675
103676
103677
103678
103679
103680
103681
103682
103683
103684
103685
103686
103687
103688
103752
103756
103759
103760
103761
103762
103763
103764
103765
103766
103767
103768
103769
103770
103771
103772
103776
103836
103840
103843
103845
103846
103847
103849
103850
103851
103852
103853
103854
103855
103856
103857
103858
103859
103860
103861
103862
103863
103864
103865
103867
103868
103869
103874
105056
105060
105061
105062
105063
105065
105066
105067
105068
105069
105070
105071
105072
105073
105074
105075
105076
105077
105078
105079
105080
105081
105083
105084
105085
105087
105088
105090
105094
105182
105186
105187
105188
105189
105190
105191
105192
105193
105194
105195
105196
105197
105198
105199
105200
105202
105206
105271
105272
105273
105274
105275
105276
105277
105278
105279
105280
105281
105282
105283
105284
105348
105350
105352
105354
105355
105356
105357
105358
105359
105360
105361
105362
105363
105364
105365
105366
105367
105368
105370
105372
105374
105432
105434
105436
105438
105439
105440
105441
105442
105443
105444
105445
105446
105447
105448
105449
105450
105451
105452
105454
105456
105458
105516
105518
105520
105522
105523
105524
105525
105526
105527
105528
105529
105530
105531
105532
105533
105534
105535
105536
105538
105540
105542
105607
105608
105609
105610
105611
105612
105613
105614
105615
105616
105617
105618
105619
105620
105684
105688
105691
105692
105693
105694
105695
105696
105697
105698
105699
105700
105701
105702
105703
105704
105708
105768
105772
105775
105777
105778
105779
105781
105782
105783
105784
105785
105786
105787
105788
105789
105790
105791
105792
105793
105794
105795
105796
105797
105799
105800
105801
105806
106988
106992
106993
106994
106995
106997
106998
106999
107000
107001
107002
107003
107004
107005
107006
107007
107008
107009
107010
107011
107012
107013
107015
107016
107017
107019
107020
107022
107026
107114
107118
107119
107120
107121
107122
107123
107124
107125
107126
107127
107128
107129
107130
107131
107132
107134
107138
107203
107204
107205
107206
107207
107208
107209
107210
107211
107212
107213
107214
107215
107216
107280
107282
107284
107286
107287
107288
107289
107290
107291
107292
107293
107294
107295
107296
107297
107298
107299
107300
107302
107304
107306
107364
107366
107368
107370
107371
107372
107373
107374
107375
107376
107377
107378
107379
107380
107381
107382
107383
107384
107386
107388
107390
107448
107450
107452
107454
107455
107456
107457
107458
107459
107460
107461
107462
107463
107464
107465
107466
107467
107468
107470
107472
107474
107539
107540
107541
107542
107543
107544
107545
107546
107547
107548
107549
107550
107551
107552
107616
107620
107623
107624
107625
107626
107627
107628
107629
107630
107631
107632
107633
107634
107635
107636
107640
107700
107704
107707
107709
107710
107711
107713
107714
107715
107716
107717
107718
107719
107720
107721
107722
107723
107724
107725
107726
107727
107728
107729
107731
107732
107733
107738
108920
108924
108925
108926
108927
108929
108930
108931
108932
108933
108934
108935
108936
108937
108938
108939
108940
108941
108942
108943
108944
108945
108947
108948
108949
108951
108952
108954
108958
109046
109050
109051
109052
109053
109054
109055
109056
109057
109058
109059
109060
109061
109062
109063
109064
109066
109070
109135
109136
109137
109138
109139
109140
109141
109142
109143
109144
109145
109146
109147
109148
109212
109214
109216
109218
109219
109220
109221
109222
109223
109224
109225
109226
109227
109228
109229
109230
109231
109232
109234
109236
109238
109296
109298
109300
109302
109303
109304
109305
109306
109307
109308
109309
109310
109311
109312
109313
109314
109315
109316
109318
109320
109322
109380
109382
109384
109386
109387
109388
109389
109390
109391
109392
109393
109394
109395
109396
109397
109398
109399
109400
109402
109404
109406
109471
109472
109473
109474
109475
109476
109477
109478
109479
109480
109481
109482
109483
109484
109548
109552
109555
109556
109557
109558
109559
109560
109561
109562
109563
109564
109565
109566
109567
109568
109572
109632
109636
109639
109641
109642
109643
109645
109646
109647
109648
109649
109650
109651
109652
109653
109654
109655
109656
109657
109658
109659
109660
109661
109663
109664
109665
109670
110852
110856
110857
110858
110859
110861
110862
110863
110864
110865
110866
110867
110868
110869
110870
110871
110872
110873
110874
110875
110876
110877
110879
110880
110881
110883
110884
110886
110890
110978
110982
110983
110984
110985
110986
110987
110988
110989
110990
110991
110992
110993
110994
110995
110996
110998
111002
111067
111068
111069
111070
111071
111072
111073
111074
111075
111076
111077
111078
111079
111080
111144
111146
111148
111150
111151
111152
111153
111154
111155
111156
111157
111158
111159
111160
111161
111162
111163
111164
111166
111168
111170
111228
111230
111232
111234
111235
111236
111237
111238
111239
111240
111241
111242
111243
111244
111245
111246
111247
111248
111250
111252
111254
111312
111314
111316
111318
111319
111320
111321
111322
111323
111324
111325
111326
111327
111328
111329
111330
111331
111332
111334
111336
111338
111403
111404
111405
111406
111407
111408
111409
111410
111411
111412
111413
111414
111415
111416
111480
111484
111487
111488
111489
111490
111491
111492
111493
111494
111495
111496
111497
111498
111499
111500
111504
111564
111568
111571
111573
111574
111575
111577
111578
111579
111580
111581
111582
111583
111584
111585
111586
111587
111588
111589
111590
111591
111592
111593
111595
111596
111597
111602
112784
112788
112789
112790
112791
112793
112794
112795
112796
112797
112798
112799
112800
112801
112802
112803
112804
112805
112806
112807
112808
112809
112811
112812
112813
112815
112816
112818
112822
112910
112914
112915
112916
112917
112918
112919
112920
112921
112922
112923
112924
112925
112926
112927
112928
112930
112934
112999
113000
113001
113002
113003
113004
113005
113006
113007
113008
113009
113010
113011
113012
113076
113078
113080
113082
113083
113084
113085
113086
113087
113088
113089
113090
113091
113092
113093
113094
113095
113096
113098
113100
113102
113160
113162
113164
113166
113167
113168
113169
113170
113171
113172
113173
113174
113175
113176
113177
113178
113179
113180
113182
113184
113186
113244
113246
113248
113250
113251
113252
113253
113254
113255
113256
113257
113258
113259
113260
113261
113262
113263
113264
113266
113268
113270
113335
113336
113337
113338
113339
113340
113341
113342
113343
113344
113345
113346
113347
113348
113412
113416
113419
113420
113421
113422
113423
113424
113425
113426
113427
113428
113429
113430
113431
113432
113436
113496
113500
113503
113505
113506
113507
113509
113510
113511
113512
113513
113514
113515
113516
113517
113518
113519
113520
113521
113522
113523
113524
113525
113527
113528
113529
113534
114716
114720
114721
114722
114723
114725
114726
114727
114728
114729
114730
114731
114732
114733
114734
114735
114736
114737
114738
114739
114740
114741
114743
114744
114745
114747
114748
114750
114754
114842
114846
114847
114848
114849
114850
114851
114852
114853
114854
114855
114856
114857
114858
114859
114860
114862
114866
114931
114932
114933
114934
114935
114936
114937
114938
114939
114940
114941
114942
114943
114944
115008
115010
115012
115014
115015
115016
115017
115018
115019
115020
115021
115022
115023
115024
115025
115026
115027
115028
115030
115032
115034
115092
115094
115096
115098
115099
115100
115101
115102
115103
115104
115105
115106
115107
115108
115109
115110
115111
115112
115114
115116
115118
115176
115178
115180
115182
115183
115184
115185
115186
115187
115188
115189
115190
115191
115192
115193
115194
115195
115196
115198
115200
115202
115267
115268
115269
115270
115271
115272
115273
115274
115275
115276
115277
115278
115279
115280
115344
115348
115351
115352
115353
115354
115355
115356
115357
115358
115359
115360
115361
115362
115363
115364
115368
115428
115432
115435
115437
115438
115439
115441
115442
115443
115444
115445
115446
115447
115448
115449
115450
115451
115452
115453
115454
115455
115456
115457
115459
115460
115461
115466
116648
116652
116653
116654
116655
116657
116658
116659
116660
116661
116662
116663
116664
116665
116666
116667
116668
116669
116670
116671
116672
116673
116675
116676
116677
116679
116680
116682
116686
116774
116778
116779
116780
116781
116782
116783
116784
116785
116786
116787
116788
116789
116790
116791
116792
116794
116798
116863
116864
116865
116866
116867
116868
116869
116870
116871
116872
116873
116874
116875
116876
116940
116942
116944
116946
116947
116948
116949
116950
116951
116952
116953
116954
116955
116956
116957
116958
116959
116960
116962
116964
116966
117024
117026
117028
117030
117031
117032
117033
117034
117035
117036
117037
117038
117039
117040
117041
117042
117043
117044
117046
117048
117050
117108
117110
117112
117114
117115
117116
117117
117118
117119
117120
117121
117122
117123
117124
117125
117126
117127
117128
117130
117132
117134
117199
117200
117201
117202
117203
117204
117205
117206
117207
117208
117209
117210
117211
117212
117276
117280
117283
117284
117285
117286
117287
117288
117289
117290
117291
117292
117293
117294
117295
117296
117300
117360
117364
117367
117369
117370
117371
117373
117374
117375
117376
117377
117378
117379
117380
117381
117382
117383
117384
117385
117386
117387
117388
117389
117391
117392
117393
117398
118580
118584
118585
118586
118587
118589
118590
118591
118592
118593
118594
118595
118596
118597
118598
118599
118600
118601
118602
118603
118604
118605
118607
118608
118609
118611
118612
118614
118618
118706
118710
118711
118712
118713
118714
118715
118716
118717
118718
118719
118720
118721
118722
118723
118724
118726
118730
118795
118796
118797
118798
118799
118800
118801
118802
118803
118804
118805
118806
118807
118808
118872
118874
118876
118878
118879
118880
118881
118882
118883
118884
118885
118886
118887
118888
118889
118890
118891
118892
118894
118896
118898
118956
118958
118960
118962
118963
118964
118965
118966
118967
118968
118969
118970
118971
118972
118973
118974
118975
118976
118978
118980
118982
119040
119042
119044
119046
119047
119048
119049
119050
119051
119052
119053
119054
119055
119056
119057
119058
119059
119060
119062
119064
119066
119131
119132
119133
119134
119135
119136
119137
119138
119139
119140
119141
119142
119143
119144
119208
119212
119215
119216
119217
119218
119219
119220
119221
119222
119223
119224
119225
119226
119227
119228
119232
119292
119296
119299
119301
119302
119303
119305
119306
119307
119308
119309
119310
119311
119312
119313
119314
119315
119316
119317
119318
119319
119320
119321
119323
119324
119325
119330
120512
120516
120517
120518
120519
120521
120522
120523
120524
120525
120526
120527
120528
120529
120530
120531
120532
120533
120534
120535
120536
120537
120539
120540
120541
120543
120544
120546
120550
120638
120642
120643
120644
120645
120646
120647
120648
120649
120650
120651
120652
120653
120654
120655
120656
120658
120662
120727
120728
120729
120730
120731
120732
120733
120734
120735
120736
120737
120738
120739
120740
120804
120806
120808
120810
120811
120812
120813
120814
120815
120816
120817
120818
120819
120820
120821
120822
120823
120824
120826
120828
120830
120888
120890
120892
120894
120895
120896
120897
120898
120899
120900
120901
120902
120903
120904
120905
120906
120907
120908
120910
120912
120914
120972
120974
120976
120978
120979
120980
120981
120982
120983
120984
120985
120986
120987
120988
120989
120990
120991
120992
120994
120996
120998
121063
121064
121065
121066
121067
121068
121069
121070
121071
121072
121073
121074
121075
121076
121140
121144
121147
121148
121149
121150
121151
121152
121153
121154
121155
121156
121157
121158
121159
121160
121164
121224
121228
121231
121233
121234
121235
121237
121238
121239
121240
121241
121242
121243
121244
121245
121246
121247
121248
121249
121250
121251
121252
121253
121255
121256
121257
121262
122444
122448
122449
122450
122451
122453
122454
122455
122456
122457
122458
122459
122460
122461
122462
122463
122464
122465
122466
122467
122468
122469
122471
122472
122473
122475
122476
122478
122482
122570
122574
122575
122576
122577
122578
122579
122580
122581
122582
122583
122584
122585
122586
122587
122588
122590
122594
122659
122660
122661
122662
122663
122664
122665
122666
122667
122668
122669
122670
122671
122672
122736
122738
122740
122742
122743
122744
122745
122746
122747
122748
122749
122750
122751
122752
122753
122754
122755
122756
122758
122760
122762
122820
122822
122824
122826
122827
122828
122829
122830
122831
122832
122833
122834
122835
122836
122837
122838
122839
122840
122842
122844
122846
122904
122906
122908
122910
122911
122912
122913
122914
122915
122916
122917
122918
122919
122920
122921
122922
122923
122924
122926
122928
122930
122995
122996
122997
122998
122999
123000
123001
123002
123003
123004
123005
123006
123007
123008
123072
123076
123079
123080
123081
123082
123083
123084
123085
123086
123087
123088
123089
123090
123091
123092
123096
123156
123160
123163
123165
123166
123167
123169
123170
123171
123172
123173
123174
123175
123176
123177
123178
123179
123180
123181
123182
123183
123184
123185
123187
123188
123189
123194
124376
124380
124381
124382
124383
124385
124386
124387
124388
124389
124390
124391
124392
124393
124394
124395
124396
124397
124398
124399
124400
124401
124403
124404
124405
124407
124408
124410
124414
124502
124506
124507
124508
124509
124510
124511
124512
124513
124514
124515
124516
124517
124518
124519
124520
124522
124526
124591
124592
124593
124594
124595
124596
124597
124598
124599
124600
124601
124602
124603
124604
124668
124670
124672
124674
124675
124676
124677
124678
124679
124680
124681
124682
124683
124684
124685
124686
124687
124688
124690
124692
124694
124752
124754
124756
124758
124759
124760
124761
124762
124763
124764
124765
124766
124767
124768
124769
124770
124771
124772
124774
124776
124778
124836
124838
124840
124842
124843
124844
124845
124846
124847
124848
124849
124850
124851
124852
124853
124854
124855
124856
124858
124860
124862
124927
124928
124929
124930
124931
124932
124933
124934
124935
124936
124937
124938
124939
124940
125004
125008
125011
125012
125013
125014
125015
125016
125017
125018
125019
125020
125021
125022
125023
125024
125028
125088
125092
125095
125097
125098
125099
125101
125102
125103
125104
125105
125106
125107
125108
125109
125110
125111
125112
125113
125114
125115
125116
125117
125119
125120
125121
125126
126308
126312
126313
126314
126315
126317
126318
126319
126320
126321
126322
126323
126324
126325
126326
126327
126328
126329
126330
126331
126332
126333
126335
126336
126337
126339
126340
126342
126346
126434
126438
126439
126440
126441
126442
126443
126444
126445
126446
126447
126448
126449
126450
126451
126452
126454
126458
126523
126524
126525
126526
126527
126528
126529
126530
126531
126532
126533
126534
126535
126536
126600
126602
126604
126606
126607
126608
126609
126610
126611
126612
126613
126614
126615
126616
126617
126618
126619
126620
126622
126624
126626
126684
126686
126688
126690
126691
126692
126693
126694
126695
126696
126697
126698
126699
126700
126701
126702
126703
126704
126706
126708
126710
126768
126770
126772
126774
126775
126776
126777
126778
126779
126780
126781
126782
126783
126784
126785
126786
126787
126788
126790
126792
126794
126859
126860
126861
126862
126863
126864
126865
126866
126867
126868
126869
126870
126871
126872
126936
126940
126943
126944
126945
126946
126947
126948
126949
126950
126951
126952
126953
126954
126955
126956
126960
127020
127024
127027
127029
127030
127031
127033
127034
127035
127036
127037
127038
127039
127040
127041
127042
127043
127044
127045
127046
127047
127048
127049
127051
127052
127053
127058
128240
128244
128245
128246
128247
128249
128250
128251
128252
128253
128254
128255
128256
128257
128258
128259
128260
128261
128262
128263
128264
128265
128267
128268
128269
128271
128272
128274
128278
128366
128370
128371
128372
128373
128374
128375
128376
128377
128378
128379
128380
128381
128382
128383
128384
128386
128390
128455
128456
128457
128458
128459
128460
128461
128462
128463
128464
128465
128466
128467
128468
128532
128534
128536
128538
128539
128540
128541
128542
128543
128544
128545
128546
128547
128548
128549
128550
128551
128552
128554
128556
128558
128616
128618
128620
128622
128623
128624
128625
128626
128627
128628
128629
128630
128631
128632
128633
128634
128635
128636
128638
128640
128642
128700
128702
128704
128706
128707
128708
128709
128710
128711
128712
128713
128714
128715
128716
128717
128718
128719
128720
128722
128724
128726
128791
128792
128793
128794
128795
128796
128797
128798
128799
128800
128801
128802
128803
128804
128868
128872
128875
128876
128877
128878
128879
128880
128881
128882
128883
128884
128885
128886
128887
128888
128892
128952
128956
128959
128961
128962
128963
128965
128966
128967
128968
128969
128970
128971
128972
128973
128974
128975
128976
128977
128978
128979
128980
128981
128983
128984
128985
128990
130172
130176
130177
130178
130179
130181
130182
130183
130184
130185
130186
130187
130188
130189
130190
130191
130192
130193
130194
130195
130196
130197
130199
130200
130201
130203
130204
130206
130210
130298
130302
130303
130304
130305
130306
130307
130308
130309
130310
130311
130312
130313
130314
130315
130316
130318
130322
130387
130388
130389
130390
130391
130392
130393
130394
130395
130396
130397
130398
130399
130400
130464
130466
130468
130470
130471
130472
130473
130474
130475
130476
130477
130478
130479
130480
130481
130482
130483
130484
130486
130488
130490
130548
130550
130552
130554
130555
130556
130557
130558
130559
130560
130561
130562
130563
130564
130565
130566
130567
130568
130570
130572
130574
130632
130634
130636
130638
130639
130640
130641
130642
130643
130644
130645
130646
130647
130648
130649
130650
130651
130652
130654
130656
130658
130723
130724
130725
130726
130727
130728
130729
130730
130731
130732
130733
130734
130735
130736
130800
130804
130807
130808
130809
130810
130811
130812
130813
130814
130815
130816
130817
130818
130819
130820
130824
130884
130888
130891
130893
130894
130895
130897
130898
130899
130900
130901
130902
130903
130904
130905
130906
130907
130908
130909
130910
130911
130912
130913
130915
130916
130917
130922
132104
132108
132109
132110
132111
132113
132114
132115
132116
132117
132118
132119
132120
132121
132122
132123
132124
132125
132126
132127
132128
132129
132131
132132
132133
132135
132136
132138
132142
132230
132234
132235
132236
132237
132238
132239
132240
132241
132242
132243
132244
132245
132246
132247
132248
132250
132254
132319
132320
132321
132322
132323
132324
132325
132326
132327
132328
132329
132330
132331
132332
132396
132398
132400
132402
132403
132404
132405
132406
132407
132408
132409
132410
132411
132412
132413
132414
132415
132416
132418
132420
132422
132480
132482
132484
132486
132487
132488
132489
132490
132491
132492
132493
132494
132495
132496
132497
132498
132499
132500
132502
132504
132506
132564
132566
132568
132570
132571
132572
132573
132574
132575
132576
132577
132578
132579
132580
132581
132582
132583
132584
132586
132588
132590
132655
132656
132657
132658
132659
132660
132661
132662
132663
132664
132665
132666
132667
132668
132732
132736
132739
132740
132741
132742
132743
132744
132745
132746
132747
132748
132749
132750
132751
132752
132756
132816
132820
132823
132825
132826
132827
132829
132830
132831
132832
132833
132834
132835
132836
132837
132838
132839
132840
132841
132842
132843
132844
132845
132847
132848
132849
132854
134036
134040
134041
134042
134043
134045
134046
134047
134048
134049
134050
134051
134052
134053
134054
134055
134056
134057
134058
134059
134060
134061
134063
134064
134065
134067
134068
134070
134074
134162
134166
134167
134168
134169
134170
134171
134172
134173
134174
134175
134176
134177
134178
134179
134180
134182
134186
134251
134252
134253
134254
134255
134256
134257
134258
134259
134260
134261
134262
134263
134264
134328
134330
134332
134334
134335
134336
134337
134338
134339
134340
134341
134342
134343
134344
134345
134346
134347
134348
134350
134352
134354
134412
134414
134416
134418
134419
134420
134421
134422
134423
134424
134425
134426
134427
134428
134429
134430
134431
134432
134434
134436
134438
134496
134498
134500
134502
134503
134504
134505
134506
134507
134508
134509
134510
134511
134512
134513
134514
134515
134516
134518
134520
134522
134587
134588
134589
134590
134591
134592
134593
134594
134595
134596
134597
134598
134599
134600
134664
134668
134671
134672
134673
134674
134675
134676
134677
134678
134679
134680
134681
134682
134683
134684
134688
134748
134752
134755
134757
134758
134759
134761
134762
134763
134764
134765
134766
134767
134768
134769
134770
134771
134772
134773
134774
134775
134776
134777
134779
134780
134781
134786
135968
135972
135973
135974
135975
135977
135978
135979
135980
135981
135982
135983
135984
135985
135986
135987
135988
135989
135990
135991
135992
135993
135995
135996
135997
135999
136000
136002
136006
136094
136098
136099
136100
136101
136102
136103
136104
136105
136106
136107
136108
136109
136110
136111
136112
136113
136114
136115
136116
136117
136118
136119
136120
136121
136122
136123
136124
136125
136126
136127
136128
136129
136130
136131
136132
136133
136134
136135
136136
136137
136138
136139
136140
136142
136146
136267
136268
136269
136270
136271
136272
136273
136274
136275
136276
136277
136278
136279
136280
136281
136282
136283
136284
136285
136286
136287
136288
136289
136290
136291
136292
136293
136294
136295
136296
136297
136298
136299
136300
136301
136302
136303
136304
136305
136306
136307
136308
136309
136310
136311
136312
136313
136314
136315
136316
136317
136318
136319
136320
136321
136322
136470
136472
136474
136476
136477
136478
136479
136480
136481
136482
136483
136484
136485
136486
136487
136488
136489
136490
136491
136492
136493
136494
136495
136496
136497
136498
136499
136500
136501
136502
136503
136504
136505
136506
136507
136508
136509
136510
136511
136512
136513
136514
136515
136516
136517
136518
136519
136520
136521
136522
136523
136524
136525
136526
136527
136528
136529
136530
136531
136532
136534
136536
136538
136680
136682
136684
136686
136687
136688
136689
136690
136691
136692
136693
136694
136695
136696
136697
136698
136699
136700
136701
136702
136703
136704
136705
136706
136707
136708
136709
136710
136711
136712
136713
136714
136715
136716
136717
136718
136719
136720
136721
136722
136723
136724
136725
136726
136727
136728
136729
136730
136731
136732
136733
136734
136735
136736
136737
136738
136739
136740
136741
136742
136744
136746
136748
136890
136892
136894
136896
136897
136898
136899
136900
136901
136902
136903
136904
136905
136906
136907
136908
136909
136910
136911
136912
136913
136914
136915
136916
136917
136918
136919
136920
136921
136922
136923
136924
136925
136926
136927
136928
136929
136930
136931
136932
136933
136934
136935
136936
136937
136938
136939
136940
136941
136942
136943
136944
136945
136946
136947
136948
136949
136950
136951
136952
136954
136956
136958
137107
137108
137109
137110
137111
137112
137113
137114
137115
137116
137117
137118
137119
137120
137121
137122
137123
137124
137125
137126
137127
137128
137129
137130
137131
137132
137133
137134
137135
137136
137137
137138
137139
137140
137141
137142
137143
137144
137145
137146
137147
137148
137149
137150
137151
137152
137153
137154
137155
137156
137157
137158
137159
137160
137161
137162
137310
137314
137317
137318
137319
137320
137321
137322
137323
137324
137325
137326
137327
137328
137329
137330
137331
137332
137333
137334
137335
137336
137337
137338
137339
137340
137341
137342
137343
137344
137345
137346
137347
137348
137349
137350
137351
137352
137353
137354
137355
137356
137357
137358
137362
137478
137482
137485
137487
137488
137489
137491
137492
137493
137494
137495
137496
137497
137498
137499
137500
137501
137502
137503
137504
137505
137506
137507
137509
137510
137511
137516
139494
139495
139496
139501
139502
139503
139508
139509
139510
139515
139516
139517
139578
139579
139580
139585
139586
139587
139592
139593
139594
139599
139600
139601
139606
139607
139608
139613
139614
139615
139704
139705
139706
139711
139712
139713
139718
139719
139720
139725
139726
139727
139732
139733
139734
139739
139740
139741
139746
139747
139748
139753
139754
139755
139872
139873
139874
139879
139880
139881
139886
139887
139888
139893
139894
139895
139900
139901
139902
139907
139908
139909
139914
139915
139916
139921
139922
139923
140040
140041
140042
140047
140048
140049
140054
140055
140056
140061
140062
140063
140068
140069
140070
140075
140076
140077
140082
140083
140084
140089
140090
140091
140208
140209
140210
140215
140216
140217
140222
140223
140224
140229
140230
140231
140236
140237
140238
140243
140244
140245
140334
140335
140336
140341
140342
140343
140348
140349
140350
140355
140356
140357
141559
141560
141561
141562
141563
141564
141565
141566
141567
141568
141569
141570
141571
141572
141685
141686
141687
141688
141689
141690
141691
141692
141693
141694
141695
141696
141697
141698
142273
142274
142275
142276
142277
142278
142279
142280
142281
142282
142283
142284
142285
142286
142399
142400
142401
142402
142403
142404
142405
142406
142407
142408
142409
142410
142411
142412
142987
142988
142989
142990
142991
142992
142993
142994
142995
142996
142997
142998
142999
143000
143113
143114
143115
143116
143117
143118
143119
143120
143121
143122
143123
143124
143125
143126
143701
143702
143703
143704
143705
143706
143707
143708
143709
143710
143711
143712
143713
143714
143827
143828
143829
143830
143831
143832
143833
143834
143835
143836
143837
143838
143839
143840
144415
144416
144417
144418
144419
144420
144421
144422
144423
144424
144425
144426
144427
144428
144541
144542
144543
144544
144545
144546
144547
144548
144549
144550
144551
144552
144553
144554
145129
145130
145131
145132
145133
145134
145135
145136
145137
145138
145139
145140
145141
145142
145255
145256
145257
145258
145259
145260
145261
145262
145263
145264
145265
145266
145267
145268
145843
145844
145845
145846
145847
145848
145849
145850
145851
145852
145853
145854
145855
145856
145969
145970
145971
145972
145973
145974
145975
145976
145977
145978
145979
145980
145981
145982
146557
146558
146559
146560
146561
146562
146563
146564
146565
146566
146567
146568
146569
146570
146683
146684
146685
146686
146687
146688
146689
146690
146691
146692
146693
146694
146695
146696
147271
147272
147273
147274
147275
147276
147277
147278
147279
147280
147281
147282
147283
147284
147397
147398
147399
147400
147401
147402
147403
147404
147405
147406
147407
147408
147409
147410
147985
147986
147987
147988
147989
147990
147991
147992
147993
147994
147995
147996
147997
147998
148111
148112
148113
148114
148115
148116
148117
148118
148119
148120
148121
148122
148123
148124
148699
148700
148701
148702
148703
148704
148705
148706
148707
148708
148709
148710
148711
148712
148825
148826
148827
148828
148829
148830
148831
148832
148833
148834
148835
148836
148837
148838
149413
149414
149415
149416
149417
149418
149419
149420
149421
149422
149423
149424
149425
149426
149539
149540
149541
149542
149543
149544
149545
149546
149547
149548
149549
149550
149551
149552
150127
150128
150129
150130
150131
150132
150133
150134
150135
150136
150137
150138
150139
150140
150253
150254
150255
150256
150257
150258
150259
150260
150261
150262
150263
150264
150265
150266
150841
150842
150843
150844
150845
150846
150847
150848
150849
150850
150851
150852
150853
150854
150967
150968
150969
150970
150971
150972
150973
150974
150975
150976
150977
150978
150979
150980
151555
151556
151557
151558
151559
151560
151561
151562
151563
151564
151565
151566
151567
151568
151681
151682
151683
151684
151685
151686
151687
151688
151689
151690
151691
151692
151693
151694
152269
152270
152271
152272
152273
152274
152275
152276
152277
152278
152279
152280
152281
152282
152395
152396
152397
152398
152399
152400
152401
152402
152403
152404
152405
152406
152407
152408
152983
152984
152985
152986
152987
152988
152989
152990
152991
152992
152993
152994
152995
152996
153109
153110
153111
153112
153113
153114
153115
153116
153117
153118
153119
153120
153121
153122
153697
153698
153699
153700
153701
153702
153703
153704
153705
153706
153707
153708
153709
153710
153823
153824
153825
153826
153827
153828
153829
153830
153831
153832
153833
153834
153835
153836
154411
154412
154413
154414
154415
154416
154417
154418
154419
154420
154421
154422
154423
154424
154537
154538
154539
154540
154541
154542
154543
154544
154545
154546
154547
154548
154549
154550
155125
155126
155127
155128
155129
155130
155131
155132
155133
155134
155135
155136
155137
155138
155251
155252
155253
155254
155255
155256
155257
155258
155259
155260
155261
155262
155263
155264
155839
155840
155841
155842
155843
155844
155845
155846
155847
155848
155849
155850
155851
155852
155965
155966
155967
155968
155969
155970
155971
155972
155973
155974
155975
155976
155977
155978
156553
156554
156555
156556
156557
156558
156559
156560
156561
156562
156563
156564
156565
156566
156679
156680
156681
156682
156683
156684
156685
156686
156687
156688
156689
156690
156691
156692
157267
157268
157269
157270
157271
157272
157273
157274
157275
157276
157277
157278
157279
157280
157393
157394
157395
157396
157397
157398
157399
157400
157401
157402
157403
157404
157405
157406
157981
157982
157983
157984
157985
157986
157987
157988
157989
157990
157991
157992
157993
157994
158107
158108
158109
158110
158111
158112
158113
158114
158115
158116
158117
158118
158119
158120
158695
158696
158697
158698
158699
158700
158701
158702
158703
158704
158705
158706
158707
158708
158821
158822
158823
158824
158825
158826
158827
158828
158829
158830
158831
158832
158833
158834
159409
159410
159411
159412
159413
159414
159415
159416
159417
159418
159419
159420
159421
159422
159535
159536
159537
159538
159539
159540
159541
159542
159543
159544
159545
159546
159547
159548
160123
160124
160125
160126
160127
160128
160129
160130
160131
160132
160133
160134
160135
160136
160249
160250
160251
160252
160253
160254
160255
160256
160257
160258
160259
160260
160261
160262
160837
160838
160839
160840
160841
160842
160843
160844
160845
160846
160847
160848
160849
160850
160963
160964
160965
160966
160967
160968
160969
160970
160971
160972
160973
160974
160975
160976
161551
161552
161553
161554
161555
161556
161557
161558
161559
161560
161561
161562
161563
161564
161677
161678
161679
161680
161681
161682
161683
161684
161685
161686
161687
161688
161689
161690
162265
162266
162267
162268
162269
162270
162271
162272
162273
162274
162275
162276
162277
162278
162391
162392
162393
162394
162395
162396
162397
162398
162399
162400
162401
162402
162403
162404
162979
162980
162981
162982
162983
162984
162985
162986
162987
162988
162989
162990
162991
162992
163105
163106
163107
163108
163109
163110
163111
163112
163113
163114
163115
163116
163117
163118
)


// ************************************************************************* //
