/*--------------------------------*- C++ -*----------------------------------*\
| =========                 |                                                 |
| \\      /  F ield         | OpenFOAM: The Open Source CFD Toolbox           |
|  \\    /   O peration     | Version:  2606                                  |
|   \\  /    A nd           | Website:  www.openfoam.com                      |
|    \\/     M anipulation  |                                                 |
\*---------------------------------------------------------------------------*/
FoamFile
{
    version     2.0;
    format      ascii;
    arch        "LSB;label=32;scalar=64";
    class       labelList;
    location    "constant/cell0/polyMesh";
    object      pointRegionAddressing;
}
// * * * * * * * * * * * * * * * * * * * * * * * * * * * * * * * * * * * * * //


13138
(
216
217
218
305
306
307
308
309
310
311
395
396
397
398
399
400
401
402
403
486
487
488
489
490
491
492
493
494
577
578
579
580
581
582
583
584
585
668
669
670
671
672
673
674
675
676
759
760
761
762
763
764
765
766
767
850
851
852
853
854
855
856
857
858
942
943
944
945
946
947
948
1035
1036
1037
2400
2401
2402
2489
2490
2491
2492
2493
2494
2495
2579
2580
2581
2582
2583
2584
2585
2586
2587
2670
2671
2672
2673
2674
2675
2676
2677
2678
2761
2762
2763
2764
2765
2766
2767
2768
2769
2852
2853
2854
2855
2856
2857
2858
2859
2860
2943
2944
2945
2946
2947
2948
2949
2950
2951
3034
3035
3036
3037
3038
3039
3040
3041
3042
3126
3127
3128
3129
3130
3131
3132
3219
3220
3221
4584
4585
4586
4673
4674
4675
4676
4677
4678
4679
4763
4764
4765
4766
4767
4768
4769
4770
4771
4854
4855
4856
4857
4858
4859
4860
4861
4862
4945
4946
4947
4948
4949
4950
4951
4952
4953
5036
5037
5038
5039
5040
5041
5042
5043
5044
5127
5128
5129
5130
5131
5132
5133
5134
5135
5218
5219
5220
5221
5222
5223
5224
5225
5226
5310
5311
5312
5313
5314
5315
5316
5403
5404
5405
6768
6769
6770
6857
6858
6859
6860
6861
6862
6863
6947
6948
6949
6950
6951
6952
6953
6954
6955
7038
7039
7040
7041
7042
7043
7044
7045
7046
7129
7130
7131
7132
7133
7134
7135
7136
7137
7220
7221
7222
7223
7224
7225
7226
7227
7228
7311
7312
7313
7314
7315
7316
7317
7318
7319
7402
7403
7404
7405
7406
7407
7408
7409
7410
7494
7495
7496
7497
7498
7499
7500
7587
7588
7589
8952
8953
8954
9041
9042
9043
9044
9045
9046
9047
9131
9132
9133
9134
9135
9136
9137
9138
9139
9222
9223
9224
9225
9226
9227
9228
9229
9230
9313
9314
9315
9316
9317
9318
9319
9320
9321
9404
9405
9406
9407
9408
9409
9410
9411
9412
9495
9496
9497
9498
9499
9500
9501
9502
9503
9586
9587
9588
9589
9590
9591
9592
9593
9594
9678
9679
9680
9681
9682
9683
9684
9771
9772
9773
11136
11137
11138
11225
11226
11227
11228
11229
11230
11231
11315
11316
11317
11318
11319
11320
11321
11322
11323
11406
11407
11408
11409
11410
11411
11412
11413
11414
11497
11498
11499
11500
11501
11502
11503
11504
11505
11588
11589
11590
11591
11592
11593
11594
11595
11596
11679
11680
11681
11682
11683
11684
11685
11686
11687
11770
11771
11772
11773
11774
11775
11776
11777
11778
11862
11863
11864
11865
11866
11867
11868
11955
11956
11957
13320
13321
13322
13409
13410
13411
13412
13413
13414
13415
13499
13500
13501
13502
13503
13504
13505
13506
13507
13590
13591
13592
13593
13594
13595
13596
13597
13598
13681
13682
13683
13684
13685
13686
13687
13688
13689
13772
13773
13774
13775
13776
13777
13778
13779
13780
13863
13864
13865
13866
13867
13868
13869
13870
13871
13954
13955
13956
13957
13958
13959
13960
13961
13962
14046
14047
14048
14049
14050
14051
14052
14139
14140
14141
15504
15505
15506
15593
15594
15595
15596
15597
15598
15599
15683
15684
15685
15686
15687
15688
15689
15690
15691
15774
15775
15776
15777
15778
15779
15780
15781
15782
15865
15866
15867
15868
15869
15870
15871
15872
15873
15956
15957
15958
15959
15960
15961
15962
15963
15964
16047
16048
16049
16050
16051
16052
16053
16054
16055
16138
16139
16140
16141
16142
16143
16144
16145
16146
16230
16231
16232
16233
16234
16235
16236
16323
16324
16325
17688
17689
17690
17777
17778
17779
17780
17781
17782
17783
17867
17868
17869
17870
17871
17872
17873
17874
17875
17958
17959
17960
17961
17962
17963
17964
17965
17966
18049
18050
18051
18052
18053
18054
18055
18056
18057
18140
18141
18142
18143
18144
18145
18146
18147
18148
18231
18232
18233
18234
18235
18236
18237
18238
18239
18322
18323
18324
18325
18326
18327
18328
18329
18330
18414
18415
18416
18417
18418
18419
18420
18507
18508
18509
19872
19873
19874
19961
19962
19963
19964
19965
19966
19967
20051
20052
20053
20054
20055
20056
20057
20058
20059
20142
20143
20144
20145
20146
20147
20148
20149
20150
20233
20234
20235
20236
20237
20238
20239
20240
20241
20324
20325
20326
20327
20328
20329
20330
20331
20332
20415
20416
20417
20418
20419
20420
20421
20422
20423
20506
20507
20508
20509
20510
20511
20512
20513
20514
20598
20599
20600
20601
20602
20603
20604
20691
20692
20693
22056
22057
22058
22145
22146
22147
22148
22149
22150
22151
22235
22236
22237
22238
22239
22240
22241
22242
22243
22326
22327
22328
22329
22330
22331
22332
22333
22334
22417
22418
22419
22420
22421
22422
22423
22424
22425
22508
22509
22510
22511
22512
22513
22514
22515
22516
22599
22600
22601
22602
22603
22604
22605
22606
22607
22690
22691
22692
22693
22694
22695
22696
22697
22698
22782
22783
22784
22785
22786
22787
22788
22875
22876
22877
24240
24241
24242
24329
24330
24331
24332
24333
24334
24335
24419
24420
24421
24422
24423
24424
24425
24426
24427
24510
24511
24512
24513
24514
24515
24516
24517
24518
24601
24602
24603
24604
24605
24606
24607
24608
24609
24692
24693
24694
24695
24696
24697
24698
24699
24700
24783
24784
24785
24786
24787
24788
24789
24790
24791
24874
24875
24876
24877
24878
24879
24880
24881
24882
24966
24967
24968
24969
24970
24971
24972
25059
25060
25061
26424
26425
26426
26513
26514
26515
26516
26517
26518
26519
26603
26604
26605
26606
26607
26608
26609
26610
26611
26694
26695
26696
26697
26698
26699
26700
26701
26702
26785
26786
26787
26788
26789
26790
26791
26792
26793
26876
26877
26878
26879
26880
26881
26882
26883
26884
26967
26968
26969
26970
26971
26972
26973
26974
26975
27058
27059
27060
27061
27062
27063
27064
27065
27066
27150
27151
27152
27153
27154
27155
27156
27243
27244
27245
28608
28609
28610
28697
28698
28699
28700
28701
28702
28703
28787
28788
28789
28790
28791
28792
28793
28794
28795
28878
28879
28880
28881
28882
28883
28884
28885
28886
28969
28970
28971
28972
28973
28974
28975
28976
28977
29060
29061
29062
29063
29064
29065
29066
29067
29068
29151
29152
29153
29154
29155
29156
29157
29158
29159
29242
29243
29244
29245
29246
29247
29248
29249
29250
29334
29335
29336
29337
29338
29339
29340
29427
29428
29429
30792
30793
30794
30881
30882
30883
30884
30885
30886
30887
30971
30972
30973
30974
30975
30976
30977
30978
30979
31062
31063
31064
31065
31066
31067
31068
31069
31070
31153
31154
31155
31156
31157
31158
31159
31160
31161
31244
31245
31246
31247
31248
31249
31250
31251
31252
31335
31336
31337
31338
31339
31340
31341
31342
31343
31426
31427
31428
31429
31430
31431
31432
31433
31434
31518
31519
31520
31521
31522
31523
31524
31611
31612
31613
32976
32977
32978
33065
33066
33067
33068
33069
33070
33071
33155
33156
33157
33158
33159
33160
33161
33162
33163
33246
33247
33248
33249
33250
33251
33252
33253
33254
33337
33338
33339
33340
33341
33342
33343
33344
33345
33428
33429
33430
33431
33432
33433
33434
33435
33436
33519
33520
33521
33522
33523
33524
33525
33526
33527
33610
33611
33612
33613
33614
33615
33616
33617
33618
33702
33703
33704
33705
33706
33707
33708
33795
33796
33797
35160
35161
35162
35249
35250
35251
35252
35253
35254
35255
35339
35340
35341
35342
35343
35344
35345
35346
35347
35430
35431
35432
35433
35434
35435
35436
35437
35438
35521
35522
35523
35524
35525
35526
35527
35528
35529
35612
35613
35614
35615
35616
35617
35618
35619
35620
35703
35704
35705
35706
35707
35708
35709
35710
35711
35794
35795
35796
35797
35798
35799
35800
35801
35802
35886
35887
35888
35889
35890
35891
35892
35979
35980
35981
37344
37345
37346
37433
37434
37435
37436
37437
37438
37439
37523
37524
37525
37526
37527
37528
37529
37530
37531
37614
37615
37616
37617
37618
37619
37620
37621
37622
37705
37706
37707
37708
37709
37710
37711
37712
37713
37796
37797
37798
37799
37800
37801
37802
37803
37804
37887
37888
37889
37890
37891
37892
37893
37894
37895
37978
37979
37980
37981
37982
37983
37984
37985
37986
38070
38071
38072
38073
38074
38075
38076
38163
38164
38165
39528
39529
39530
39617
39618
39619
39620
39621
39622
39623
39707
39708
39709
39710
39711
39712
39713
39714
39715
39798
39799
39800
39801
39802
39803
39804
39805
39806
39889
39890
39891
39892
39893
39894
39895
39896
39897
39980
39981
39982
39983
39984
39985
39986
39987
39988
40071
40072
40073
40074
40075
40076
40077
40078
40079
40162
40163
40164
40165
40166
40167
40168
40169
40170
40254
40255
40256
40257
40258
40259
40260
40347
40348
40349
41712
41713
41714
41801
41802
41803
41804
41805
41806
41807
41891
41892
41893
41894
41895
41896
41897
41898
41899
41982
41983
41984
41985
41986
41987
41988
41989
41990
42073
42074
42075
42076
42077
42078
42079
42080
42081
42164
42165
42166
42167
42168
42169
42170
42171
42172
42255
42256
42257
42258
42259
42260
42261
42262
42263
42346
42347
42348
42349
42350
42351
42352
42353
42354
42438
42439
42440
42441
42442
42443
42444
42531
42532
42533
43896
43897
43898
43985
43986
43987
43988
43989
43990
43991
44075
44076
44077
44078
44079
44080
44081
44082
44083
44166
44167
44168
44169
44170
44171
44172
44173
44174
44257
44258
44259
44260
44261
44262
44263
44264
44265
44348
44349
44350
44351
44352
44353
44354
44355
44356
44439
44440
44441
44442
44443
44444
44445
44446
44447
44530
44531
44532
44533
44534
44535
44536
44537
44538
44622
44623
44624
44625
44626
44627
44628
44715
44716
44717
46080
46081
46082
46169
46170
46171
46172
46173
46174
46175
46259
46260
46261
46262
46263
46264
46265
46266
46267
46350
46351
46352
46353
46354
46355
46356
46357
46358
46441
46442
46443
46444
46445
46446
46447
46448
46449
46532
46533
46534
46535
46536
46537
46538
46539
46540
46623
46624
46625
46626
46627
46628
46629
46630
46631
46714
46715
46716
46717
46718
46719
46720
46721
46722
46806
46807
46808
46809
46810
46811
46812
46899
46900
46901
48264
48265
48266
48353
48354
48355
48356
48357
48358
48359
48443
48444
48445
48446
48447
48448
48449
48450
48451
48534
48535
48536
48537
48538
48539
48540
48541
48542
48625
48626
48627
48628
48629
48630
48631
48632
48633
48716
48717
48718
48719
48720
48721
48722
48723
48724
48807
48808
48809
48810
48811
48812
48813
48814
48815
48898
48899
48900
48901
48902
48903
48904
48905
48906
48990
48991
48992
48993
48994
48995
48996
49083
49084
49085
50448
50449
50450
50537
50538
50539
50540
50541
50542
50543
50627
50628
50629
50630
50631
50632
50633
50634
50635
50718
50719
50720
50721
50722
50723
50724
50725
50726
50809
50810
50811
50812
50813
50814
50815
50816
50817
50900
50901
50902
50903
50904
50905
50906
50907
50908
50991
50992
50993
50994
50995
50996
50997
50998
50999
51082
51083
51084
51085
51086
51087
51088
51089
51090
51174
51175
51176
51177
51178
51179
51180
51267
51268
51269
52632
52633
52634
52721
52722
52723
52724
52725
52726
52727
52811
52812
52813
52814
52815
52816
52817
52818
52819
52902
52903
52904
52905
52906
52907
52908
52909
52910
52993
52994
52995
52996
52997
52998
52999
53000
53001
53084
53085
53086
53087
53088
53089
53090
53091
53092
53175
53176
53177
53178
53179
53180
53181
53182
53183
53266
53267
53268
53269
53270
53271
53272
53273
53274
53358
53359
53360
53361
53362
53363
53364
53451
53452
53453
54816
54817
54818
54905
54906
54907
54908
54909
54910
54911
54995
54996
54997
54998
54999
55000
55001
55002
55003
55086
55087
55088
55089
55090
55091
55092
55093
55094
55177
55178
55179
55180
55181
55182
55183
55184
55185
55268
55269
55270
55271
55272
55273
55274
55275
55276
55359
55360
55361
55362
55363
55364
55365
55366
55367
55450
55451
55452
55453
55454
55455
55456
55457
55458
55542
55543
55544
55545
55546
55547
55548
55635
55636
55637
57000
57001
57002
57089
57090
57091
57092
57093
57094
57095
57179
57180
57181
57182
57183
57184
57185
57186
57187
57270
57271
57272
57273
57274
57275
57276
57277
57278
57361
57362
57363
57364
57365
57366
57367
57368
57369
57452
57453
57454
57455
57456
57457
57458
57459
57460
57543
57544
57545
57546
57547
57548
57549
57550
57551
57634
57635
57636
57637
57638
57639
57640
57641
57642
57726
57727
57728
57729
57730
57731
57732
57819
57820
57821
59184
59185
59186
59273
59274
59275
59276
59277
59278
59279
59363
59364
59365
59366
59367
59368
59369
59370
59371
59454
59455
59456
59457
59458
59459
59460
59461
59462
59545
59546
59547
59548
59549
59550
59551
59552
59553
59636
59637
59638
59639
59640
59641
59642
59643
59644
59727
59728
59729
59730
59731
59732
59733
59734
59735
59818
59819
59820
59821
59822
59823
59824
59825
59826
59910
59911
59912
59913
59914
59915
59916
60003
60004
60005
61368
61369
61370
61457
61458
61459
61460
61461
61462
61463
61547
61548
61549
61550
61551
61552
61553
61554
61555
61638
61639
61640
61641
61642
61643
61644
61645
61646
61729
61730
61731
61732
61733
61734
61735
61736
61737
61820
61821
61822
61823
61824
61825
61826
61827
61828
61911
61912
61913
61914
61915
61916
61917
61918
61919
62002
62003
62004
62005
62006
62007
62008
62009
62010
62094
62095
62096
62097
62098
62099
62100
62187
62188
62189
63552
63553
63554
63641
63642
63643
63644
63645
63646
63647
63731
63732
63733
63734
63735
63736
63737
63738
63739
63822
63823
63824
63825
63826
63827
63828
63829
63830
63913
63914
63915
63916
63917
63918
63919
63920
63921
64004
64005
64006
64007
64008
64009
64010
64011
64012
64095
64096
64097
64098
64099
64100
64101
64102
64103
64186
64187
64188
64189
64190
64191
64192
64193
64194
64278
64279
64280
64281
64282
64283
64284
64371
64372
64373
65736
65737
65738
65825
65826
65827
65828
65829
65830
65831
65915
65916
65917
65918
65919
65920
65921
65922
65923
66006
66007
66008
66009
66010
66011
66012
66013
66014
66097
66098
66099
66100
66101
66102
66103
66104
66105
66188
66189
66190
66191
66192
66193
66194
66195
66196
66279
66280
66281
66282
66283
66284
66285
66286
66287
66370
66371
66372
66373
66374
66375
66376
66377
66378
66462
66463
66464
66465
66466
66467
66468
66555
66556
66557
67920
67921
67922
68009
68010
68011
68012
68013
68014
68015
68099
68100
68101
68102
68103
68104
68105
68106
68107
68190
68191
68192
68193
68194
68195
68196
68197
68198
68281
68282
68283
68284
68285
68286
68287
68288
68289
68372
68373
68374
68375
68376
68377
68378
68379
68380
68463
68464
68465
68466
68467
68468
68469
68470
68471
68554
68555
68556
68557
68558
68559
68560
68561
68562
68646
68647
68648
68649
68650
68651
68652
68739
68740
68741
70104
70105
70106
70193
70194
70195
70196
70197
70198
70199
70283
70284
70285
70286
70287
70288
70289
70290
70291
70374
70375
70376
70377
70378
70379
70380
70381
70382
70465
70466
70467
70468
70469
70470
70471
70472
70473
70556
70557
70558
70559
70560
70561
70562
70563
70564
70647
70648
70649
70650
70651
70652
70653
70654
70655
70738
70739
70740
70741
70742
70743
70744
70745
70746
70830
70831
70832
70833
70834
70835
70836
70923
70924
70925
80808
80809
80810
80811
80812
80813
80826
80827
80828
80829
80839
80840
80850
80851
80856
80857
80862
80863
80869
80870
80880
80881
80882
80883
80892
80893
80894
80895
80896
80897
81017
81018
81020
81021
81022
81023
81024
81025
81026
81027
81028
81030
81077
81078
81079
81080
81081
81082
81083
81084
81085
81086
81087
81088
81089
81090
81091
81093
81094
81146
81147
81148
81149
81150
81151
81152
81153
81154
81155
81156
81157
81159
81160
81199
81202
81203
81204
81205
81206
81207
81208
81209
81210
81237
81240
81241
81242
81243
81244
81263
81266
81267
81268
81269
81270
81289
81292
81293
81294
81295
81296
81297
81298
81299
81300
81301
81302
81335
81337
81338
81339
81340
81341
81342
81343
81344
81345
81346
81347
81348
81351
81393
81395
81396
81397
81398
81399
81400
81401
81402
81403
81404
81405
81406
81407
81408
81409
81410
81413
81465
81467
81468
81469
81470
81471
81472
82588
82589
82590
82591
82592
82593
82606
82607
82608
82609
82619
82620
82630
82631
82636
82637
82642
82643
82649
82650
82660
82661
82662
82663
82672
82673
82674
82675
82676
82677
82795
82796
82797
82798
82814
82815
82817
82818
82820
82821
82823
82824
82826
82827
82830
82877
82878
82880
82881
82883
82884
82885
82888
82924
82925
82927
82928
82930
82931
82932
82935
82964
82965
82967
82969
82986
82987
82989
82991
83008
83009
83011
83012
83013
83015
83036
83039
83040
83042
83043
83044
83045
83046
83082
83085
83086
83088
83089
83090
83091
83092
83093
83094
83136
83139
83140
83142
83143
83145
83146
83148
83149
83637
83638
83639
83640
83641
83642
83655
83656
83657
83658
83668
83669
83679
83680
83681
83682
83691
83692
83693
83694
83703
83704
83705
83706
83716
83717
83727
83728
83729
83730
83739
83740
83741
83742
83743
83744
83913
83914
83915
83916
83917
83918
83931
83932
83933
83934
83944
83945
83955
83956
83957
83958
83967
83968
83969
83970
83979
83980
83981
83982
83992
83993
84003
84004
84005
84006
84015
84016
84017
84018
84019
84020
84189
84190
84191
84192
84193
84194
84207
84208
84209
84210
84220
84221
84231
84232
84233
84234
84243
84244
84245
84246
84255
84256
84257
84258
84268
84269
84279
84280
84281
84282
84291
84292
84293
84294
84295
84296
84465
84466
84467
84468
84469
84470
84483
84484
84485
84486
84496
84497
84507
84508
84509
84510
84519
84520
84521
84522
84531
84532
84533
84534
84544
84545
84555
84556
84557
84558
84567
84568
84569
84570
84571
84572
84741
84742
84743
84744
84745
84746
84759
84760
84761
84762
84772
84773
84783
84784
84785
84786
84795
84796
84797
84798
84807
84808
84809
84810
84820
84821
84831
84832
84833
84834
84843
84844
84845
84846
84847
84848
85017
85018
85019
85020
85021
85022
85035
85036
85037
85038
85048
85049
85059
85060
85061
85062
85071
85072
85073
85074
85083
85084
85085
85086
85096
85097
85107
85108
85109
85110
85119
85120
85121
85122
85123
85124
85293
85294
85295
85296
85297
85298
85311
85312
85313
85314
85324
85325
85335
85336
85337
85338
85347
85348
85349
85350
85359
85360
85361
85362
85372
85373
85383
85384
85385
85386
85395
85396
85397
85398
85399
85400
85569
85570
85571
85572
85573
85574
85587
85588
85589
85590
85600
85601
85611
85612
85613
85614
85623
85624
85625
85626
85635
85636
85637
85638
85648
85649
85659
85660
85661
85662
85671
85672
85673
85674
85675
85676
85845
85846
85847
85848
85849
85850
85863
85864
85865
85866
85876
85877
85887
85888
85889
85890
85899
85900
85901
85902
85911
85912
85913
85914
85924
85925
85935
85936
85937
85938
85947
85948
85949
85950
85951
85952
86121
86122
86123
86124
86125
86126
86139
86140
86141
86142
86152
86153
86163
86164
86165
86166
86175
86176
86177
86178
86187
86188
86189
86190
86200
86201
86211
86212
86213
86214
86223
86224
86225
86226
86227
86228
86397
86398
86399
86400
86401
86402
86415
86416
86417
86418
86428
86429
86439
86440
86441
86442
86451
86452
86453
86454
86463
86464
86465
86466
86476
86477
86487
86488
86489
86490
86499
86500
86501
86502
86503
86504
86673
86674
86675
86676
86677
86678
86691
86692
86693
86694
86704
86705
86715
86716
86717
86718
86727
86728
86729
86730
86739
86740
86741
86742
86752
86753
86763
86764
86765
86766
86775
86776
86777
86778
86779
86780
86949
86950
86951
86952
86953
86954
86967
86968
86969
86970
86980
86981
86991
86992
86993
86994
87003
87004
87005
87006
87015
87016
87017
87018
87028
87029
87039
87040
87041
87042
87051
87052
87053
87054
87055
87056
87225
87226
87227
87228
87229
87230
87243
87244
87245
87246
87256
87257
87267
87268
87269
87270
87279
87280
87281
87282
87291
87292
87293
87294
87304
87305
87315
87316
87317
87318
87327
87328
87329
87330
87331
87332
87501
87502
87503
87504
87505
87506
87519
87520
87521
87522
87532
87533
87543
87544
87545
87546
87555
87556
87557
87558
87567
87568
87569
87570
87580
87581
87591
87592
87593
87594
87603
87604
87605
87606
87607
87608
87777
87778
87779
87780
87781
87782
87795
87796
87797
87798
87808
87809
87819
87820
87821
87822
87831
87832
87833
87834
87843
87844
87845
87846
87856
87857
87867
87868
87869
87870
87879
87880
87881
87882
87883
87884
88053
88054
88055
88056
88057
88058
88071
88072
88073
88074
88084
88085
88095
88096
88097
88098
88107
88108
88109
88110
88119
88120
88121
88122
88132
88133
88143
88144
88145
88146
88155
88156
88157
88158
88159
88160
88329
88330
88331
88332
88333
88334
88347
88348
88349
88350
88360
88361
88371
88372
88373
88374
88383
88384
88385
88386
88395
88396
88397
88398
88408
88409
88419
88420
88421
88422
88431
88432
88433
88434
88435
88436
88605
88606
88607
88608
88609
88610
88623
88624
88625
88626
88636
88637
88647
88648
88649
88650
88659
88660
88661
88662
88671
88672
88673
88674
88684
88685
88695
88696
88697
88698
88707
88708
88709
88710
88711
88712
88881
88882
88883
88884
88885
88886
88899
88900
88901
88902
88912
88913
88923
88924
88925
88926
88935
88936
88937
88938
88947
88948
88949
88950
88960
88961
88971
88972
88973
88974
88983
88984
88985
88986
88987
88988
89157
89158
89159
89160
89161
89162
89175
89176
89177
89178
89188
89189
89199
89200
89201
89202
89211
89212
89213
89214
89223
89224
89225
89226
89236
89237
89247
89248
89249
89250
89259
89260
89261
89262
89263
89264
89433
89434
89435
89436
89437
89438
89451
89452
89453
89454
89464
89465
89475
89476
89477
89478
89487
89488
89489
89490
89499
89500
89501
89502
89512
89513
89523
89524
89525
89526
89535
89536
89537
89538
89539
89540
89709
89710
89711
89712
89713
89714
89727
89728
89729
89730
89740
89741
89751
89752
89753
89754
89763
89764
89765
89766
89775
89776
89777
89778
89788
89789
89799
89800
89801
89802
89811
89812
89813
89814
89815
89816
89985
89986
89987
89988
89989
89990
90003
90004
90005
90006
90016
90017
90027
90028
90029
90030
90039
90040
90041
90042
90051
90052
90053
90054
90064
90065
90075
90076
90077
90078
90087
90088
90089
90090
90091
90092
90261
90262
90263
90264
90265
90266
90279
90280
90281
90282
90292
90293
90303
90304
90305
90306
90315
90316
90317
90318
90327
90328
90329
90330
90340
90341
90351
90352
90353
90354
90363
90364
90365
90366
90367
90368
90537
90538
90539
90540
90541
90542
90555
90556
90557
90558
90568
90569
90579
90580
90581
90582
90591
90592
90593
90594
90603
90604
90605
90606
90616
90617
90627
90628
90629
90630
90639
90640
90641
90642
90643
90644
90813
90814
90815
90816
90817
90818
90831
90832
90833
90834
90844
90845
90855
90856
90857
90858
90867
90868
90869
90870
90879
90880
90881
90882
90892
90893
90903
90904
90905
90906
90915
90916
90917
90918
90919
90920
91089
91090
91091
91092
91093
91094
91107
91108
91109
91110
91120
91121
91131
91132
91133
91134
91143
91144
91145
91146
91155
91156
91157
91158
91168
91169
91179
91180
91181
91182
91191
91192
91193
91194
91195
91196
91365
91366
91367
91368
91369
91370
91383
91384
91385
91386
91396
91397
91407
91408
91409
91410
91419
91420
91421
91422
91431
91432
91433
91434
91444
91445
91455
91456
91457
91458
91467
91468
91469
91470
91471
91472
91641
91642
91643
91644
91645
91646
91659
91660
91661
91662
91672
91673
91683
91684
91685
91686
91695
91696
91697
91698
91707
91708
91709
91710
91720
91721
91731
91732
91733
91734
91743
91744
91745
91746
91747
91748
91917
91918
91919
91920
91921
91922
91935
91936
91937
91938
91948
91949
91959
91960
91961
91962
91971
91972
91973
91974
91983
91984
91985
91986
91996
91997
92007
92008
92009
92010
92019
92020
92021
92022
92023
92024
92193
92194
92195
92196
92197
92198
92211
92212
92213
92214
92215
92216
92217
92218
92236
92237
92238
92239
92240
92241
92242
92243
92265
92266
92267
92268
92269
92270
92271
92272
92273
92274
92295
92296
92297
92298
92299
92300
92301
92302
92303
92304
92325
92326
92327
92328
92329
92330
92331
92332
92333
92334
92356
92357
92358
92359
92360
92361
92362
92363
92385
92386
92387
92388
92389
92390
92391
92392
92409
92410
92411
92412
92413
92414
92697
92698
92699
92700
92709
92710
92711
92712
92713
92714
92727
92728
92729
92730
92731
92732
92733
92734
92751
92752
92753
92754
92755
92756
92757
92758
92775
92776
92777
92778
92779
92780
92781
92782
92799
92800
92801
92802
92803
92804
92817
92818
92819
92820
93024
93025
93027
93028
93029
93030
93031
93032
93033
93034
93035
93037
93084
93085
93086
93087
93088
93089
93090
93091
93092
93093
93094
93095
93096
93097
93098
93100
93101
93153
93154
93155
93156
93157
93158
93159
93160
93161
93162
93163
93164
93166
93167
93206
93209
93210
93211
93212
93213
93214
93215
93216
93217
93218
93219
93250
93253
93254
93255
93256
93257
93258
93259
93260
93261
93262
93263
93294
93297
93298
93299
93300
93301
93302
93303
93304
93305
93306
93307
93338
93341
93342
93343
93344
93345
93346
93347
93348
93349
93350
93351
93384
93386
93387
93388
93389
93390
93391
93392
93393
93394
93395
93396
93397
93400
93442
93444
93445
93446
93447
93448
93449
93450
93451
93452
93453
93454
93455
93456
93457
93458
93459
93462
93514
93517
93519
93520
93522
93523
93525
94183
94184
94186
94187
94188
94189
94190
94191
94192
94193
94194
94196
94243
94244
94245
94246
94247
94248
94249
94250
94251
94252
94253
94254
94255
94256
94257
94259
94260
94312
94313
94314
94315
94316
94317
94318
94319
94320
94321
94322
94323
94325
94326
94365
94368
94369
94370
94371
94372
94373
94374
94375
94376
94377
94378
94409
94412
94413
94414
94415
94416
94417
94418
94419
94420
94421
94422
94453
94456
94457
94458
94459
94460
94461
94462
94463
94464
94465
94466
94497
94500
94501
94502
94503
94504
94505
94506
94507
94508
94509
94510
94543
94545
94546
94547
94548
94549
94550
94551
94552
94553
94554
94555
94556
94559
94601
94603
94604
94605
94606
94607
94608
94609
94610
94611
94612
94613
94614
94615
94616
94617
94618
94621
94673
94676
94678
94679
94681
94682
94684
95342
95343
95345
95346
95347
95348
95349
95350
95351
95352
95353
95355
95402
95403
95404
95405
95406
95407
95408
95409
95410
95411
95412
95413
95414
95415
95416
95418
95419
95471
95472
95473
95474
95475
95476
95477
95478
95479
95480
95481
95482
95484
95485
95524
95527
95528
95529
95530
95531
95532
95533
95534
95535
95536
95537
95568
95571
95572
95573
95574
95575
95576
95577
95578
95579
95580
95581
95612
95615
95616
95617
95618
95619
95620
95621
95622
95623
95624
95625
95656
95659
95660
95661
95662
95663
95664
95665
95666
95667
95668
95669
95702
95704
95705
95706
95707
95708
95709
95710
95711
95712
95713
95714
95715
95718
95760
95762
95763
95764
95765
95766
95767
95768
95769
95770
95771
95772
95773
95774
95775
95776
95777
95780
95832
95835
95837
95838
95840
95841
95843
96501
96502
96504
96505
96506
96507
96508
96509
96510
96511
96512
96514
96561
96562
96563
96564
96565
96566
96567
96568
96569
96570
96571
96572
96573
96574
96575
96577
96578
96630
96631
96632
96633
96634
96635
96636
96637
96638
96639
96640
96641
96643
96644
96683
96686
96687
96688
96689
96690
96691
96692
96693
96694
96695
96696
96727
96730
96731
96732
96733
96734
96735
96736
96737
96738
96739
96740
96771
96774
96775
96776
96777
96778
96779
96780
96781
96782
96783
96784
96815
96818
96819
96820
96821
96822
96823
96824
96825
96826
96827
96828
96861
96863
96864
96865
96866
96867
96868
96869
96870
96871
96872
96873
96874
96877
96919
96921
96922
96923
96924
96925
96926
96927
96928
96929
96930
96931
96932
96933
96934
96935
96936
96939
96991
96994
96996
96997
96999
97000
97002
97660
97661
97663
97664
97665
97666
97667
97668
97669
97670
97671
97673
97720
97721
97722
97723
97724
97725
97726
97727
97728
97729
97730
97731
97732
97733
97734
97736
97737
97789
97790
97791
97792
97793
97794
97795
97796
97797
97798
97799
97800
97802
97803
97842
97845
97846
97847
97848
97849
97850
97851
97852
97853
97854
97855
97886
97889
97890
97891
97892
97893
97894
97895
97896
97897
97898
97899
97930
97933
97934
97935
97936
97937
97938
97939
97940
97941
97942
97943
97974
97977
97978
97979
97980
97981
97982
97983
97984
97985
97986
97987
98020
98022
98023
98024
98025
98026
98027
98028
98029
98030
98031
98032
98033
98036
98078
98080
98081
98082
98083
98084
98085
98086
98087
98088
98089
98090
98091
98092
98093
98094
98095
98098
98150
98153
98155
98156
98158
98159
98161
98819
98820
98822
98823
98824
98825
98826
98827
98828
98829
98830
98832
98879
98880
98881
98882
98883
98884
98885
98886
98887
98888
98889
98890
98891
98892
98893
98895
98896
98948
98949
98950
98951
98952
98953
98954
98955
98956
98957
98958
98959
98961
98962
99001
99004
99005
99006
99007
99008
99009
99010
99011
99012
99013
99014
99045
99048
99049
99050
99051
99052
99053
99054
99055
99056
99057
99058
99089
99092
99093
99094
99095
99096
99097
99098
99099
99100
99101
99102
99133
99136
99137
99138
99139
99140
99141
99142
99143
99144
99145
99146
99179
99181
99182
99183
99184
99185
99186
99187
99188
99189
99190
99191
99192
99195
99237
99239
99240
99241
99242
99243
99244
99245
99246
99247
99248
99249
99250
99251
99252
99253
99254
99257
99309
99312
99314
99315
99317
99318
99320
99978
99979
99981
99982
99983
99984
99985
99986
99987
99988
99989
99991
100038
100039
100040
100041
100042
100043
100044
100045
100046
100047
100048
100049
100050
100051
100052
100054
100055
100107
100108
100109
100110
100111
100112
100113
100114
100115
100116
100117
100118
100120
100121
100160
100163
100164
100165
100166
100167
100168
100169
100170
100171
100172
100173
100204
100207
100208
100209
100210
100211
100212
100213
100214
100215
100216
100217
100248
100251
100252
100253
100254
100255
100256
100257
100258
100259
100260
100261
100292
100295
100296
100297
100298
100299
100300
100301
100302
100303
100304
100305
100338
100340
100341
100342
100343
100344
100345
100346
100347
100348
100349
100350
100351
100354
100396
100398
100399
100400
100401
100402
100403
100404
100405
100406
100407
100408
100409
100410
100411
100412
100413
100416
100468
100471
100473
100474
100476
100477
100479
101137
101138
101140
101141
101142
101143
101144
101145
101146
101147
101148
101150
101197
101198
101199
101200
101201
101202
101203
101204
101205
101206
101207
101208
101209
101210
101211
101213
101214
101266
101267
101268
101269
101270
101271
101272
101273
101274
101275
101276
101277
101279
101280
101319
101322
101323
101324
101325
101326
101327
101328
101329
101330
101331
101332
101363
101366
101367
101368
101369
101370
101371
101372
101373
101374
101375
101376
101407
101410
101411
101412
101413
101414
101415
101416
101417
101418
101419
101420
101451
101454
101455
101456
101457
101458
101459
101460
101461
101462
101463
101464
101497
101499
101500
101501
101502
101503
101504
101505
101506
101507
101508
101509
101510
101513
101555
101557
101558
101559
101560
101561
101562
101563
101564
101565
101566
101567
101568
101569
101570
101571
101572
101575
101627
101630
101632
101633
101635
101636
101638
102296
102297
102299
102300
102301
102302
102303
102304
102305
102306
102307
102309
102356
102357
102358
102359
102360
102361
102362
102363
102364
102365
102366
102367
102368
102369
102370
102372
102373
102425
102426
102427
102428
102429
102430
102431
102432
102433
102434
102435
102436
102438
102439
102478
102481
102482
102483
102484
102485
102486
102487
102488
102489
102490
102491
102522
102525
102526
102527
102528
102529
102530
102531
102532
102533
102534
102535
102566
102569
102570
102571
102572
102573
102574
102575
102576
102577
102578
102579
102610
102613
102614
102615
102616
102617
102618
102619
102620
102621
102622
102623
102656
102658
102659
102660
102661
102662
102663
102664
102665
102666
102667
102668
102669
102672
102714
102716
102717
102718
102719
102720
102721
102722
102723
102724
102725
102726
102727
102728
102729
102730
102731
102734
102786
102789
102791
102792
102794
102795
102797
103455
103456
103458
103459
103460
103461
103462
103463
103464
103465
103466
103468
103515
103516
103517
103518
103519
103520
103521
103522
103523
103524
103525
103526
103527
103528
103529
103531
103532
103584
103585
103586
103587
103588
103589
103590
103591
103592
103593
103594
103595
103597
103598
103637
103640
103641
103642
103643
103644
103645
103646
103647
103648
103649
103650
103681
103684
103685
103686
103687
103688
103689
103690
103691
103692
103693
103694
103725
103728
103729
103730
103731
103732
103733
103734
103735
103736
103737
103738
103769
103772
103773
103774
103775
103776
103777
103778
103779
103780
103781
103782
103815
103817
103818
103819
103820
103821
103822
103823
103824
103825
103826
103827
103828
103831
103873
103875
103876
103877
103878
103879
103880
103881
103882
103883
103884
103885
103886
103887
103888
103889
103890
103893
103945
103948
103950
103951
103953
103954
103956
104614
104615
104617
104618
104619
104620
104621
104622
104623
104624
104625
104627
104674
104675
104676
104677
104678
104679
104680
104681
104682
104683
104684
104685
104686
104687
104688
104690
104691
104743
104744
104745
104746
104747
104748
104749
104750
104751
104752
104753
104754
104756
104757
104796
104799
104800
104801
104802
104803
104804
104805
104806
104807
104808
104809
104840
104843
104844
104845
104846
104847
104848
104849
104850
104851
104852
104853
104884
104887
104888
104889
104890
104891
104892
104893
104894
104895
104896
104897
104928
104931
104932
104933
104934
104935
104936
104937
104938
104939
104940
104941
104974
104976
104977
104978
104979
104980
104981
104982
104983
104984
104985
104986
104987
104990
105032
105034
105035
105036
105037
105038
105039
105040
105041
105042
105043
105044
105045
105046
105047
105048
105049
105052
105104
105107
105109
105110
105112
105113
105115
105773
105774
105776
105777
105778
105779
105780
105781
105782
105783
105784
105786
105833
105834
105835
105836
105837
105838
105839
105840
105841
105842
105843
105844
105845
105846
105847
105849
105850
105902
105903
105904
105905
105906
105907
105908
105909
105910
105911
105912
105913
105915
105916
105955
105958
105959
105960
105961
105962
105963
105964
105965
105966
105967
105968
105999
106002
106003
106004
106005
106006
106007
106008
106009
106010
106011
106012
106043
106046
106047
106048
106049
106050
106051
106052
106053
106054
106055
106056
106087
106090
106091
106092
106093
106094
106095
106096
106097
106098
106099
106100
106133
106135
106136
106137
106138
106139
106140
106141
106142
106143
106144
106145
106146
106149
106191
106193
106194
106195
106196
106197
106198
106199
106200
106201
106202
106203
106204
106205
106206
106207
106208
106211
106263
106266
106268
106269
106271
106272
106274
106932
106933
106935
106936
106937
106938
106939
106940
106941
106942
106943
106945
106992
106993
106994
106995
106996
106997
106998
106999
107000
107001
107002
107003
107004
107005
107006
107008
107009
107061
107062
107063
107064
107065
107066
107067
107068
107069
107070
107071
107072
107074
107075
107114
107117
107118
107119
107120
107121
107122
107123
107124
107125
107126
107127
107158
107161
107162
107163
107164
107165
107166
107167
107168
107169
107170
107171
107202
107205
107206
107207
107208
107209
107210
107211
107212
107213
107214
107215
107246
107249
107250
107251
107252
107253
107254
107255
107256
107257
107258
107259
107292
107294
107295
107296
107297
107298
107299
107300
107301
107302
107303
107304
107305
107308
107350
107352
107353
107354
107355
107356
107357
107358
107359
107360
107361
107362
107363
107364
107365
107366
107367
107370
107422
107425
107427
107428
107430
107431
107433
108091
108092
108094
108095
108096
108097
108098
108099
108100
108101
108102
108104
108151
108152
108153
108154
108155
108156
108157
108158
108159
108160
108161
108162
108163
108164
108165
108167
108168
108220
108221
108222
108223
108224
108225
108226
108227
108228
108229
108230
108231
108233
108234
108273
108276
108277
108278
108279
108280
108281
108282
108283
108284
108285
108286
108317
108320
108321
108322
108323
108324
108325
108326
108327
108328
108329
108330
108361
108364
108365
108366
108367
108368
108369
108370
108371
108372
108373
108374
108405
108408
108409
108410
108411
108412
108413
108414
108415
108416
108417
108418
108451
108453
108454
108455
108456
108457
108458
108459
108460
108461
108462
108463
108464
108467
108509
108511
108512
108513
108514
108515
108516
108517
108518
108519
108520
108521
108522
108523
108524
108525
108526
108529
108581
108584
108586
108587
108589
108590
108592
109250
109251
109253
109254
109255
109256
109257
109258
109259
109260
109261
109263
109310
109311
109312
109313
109314
109315
109316
109317
109318
109319
109320
109321
109322
109323
109324
109326
109327
109379
109380
109381
109382
109383
109384
109385
109386
109387
109388
109389
109390
109392
109393
109432
109435
109436
109437
109438
109439
109440
109441
109442
109443
109444
109445
109476
109479
109480
109481
109482
109483
109484
109485
109486
109487
109488
109489
109520
109523
109524
109525
109526
109527
109528
109529
109530
109531
109532
109533
109564
109567
109568
109569
109570
109571
109572
109573
109574
109575
109576
109577
109610
109612
109613
109614
109615
109616
109617
109618
109619
109620
109621
109622
109623
109626
109668
109670
109671
109672
109673
109674
109675
109676
109677
109678
109679
109680
109681
109682
109683
109684
109685
109688
109740
109743
109745
109746
109748
109749
109751
110409
110410
110412
110413
110414
110415
110416
110417
110418
110419
110420
110422
110469
110470
110471
110472
110473
110474
110475
110476
110477
110478
110479
110480
110481
110482
110483
110485
110486
110538
110539
110540
110541
110542
110543
110544
110545
110546
110547
110548
110549
110551
110552
110591
110594
110595
110596
110597
110598
110599
110600
110601
110602
110603
110604
110635
110638
110639
110640
110641
110642
110643
110644
110645
110646
110647
110648
110679
110682
110683
110684
110685
110686
110687
110688
110689
110690
110691
110692
110723
110726
110727
110728
110729
110730
110731
110732
110733
110734
110735
110736
110769
110771
110772
110773
110774
110775
110776
110777
110778
110779
110780
110781
110782
110785
110827
110829
110830
110831
110832
110833
110834
110835
110836
110837
110838
110839
110840
110841
110842
110843
110844
110847
110899
110902
110904
110905
110907
110908
110910
111568
111569
111571
111572
111573
111574
111575
111576
111577
111578
111579
111581
111628
111629
111630
111631
111632
111633
111634
111635
111636
111637
111638
111639
111640
111641
111642
111644
111645
111697
111698
111699
111700
111701
111702
111703
111704
111705
111706
111707
111708
111710
111711
111750
111753
111754
111755
111756
111757
111758
111759
111760
111761
111762
111763
111794
111797
111798
111799
111800
111801
111802
111803
111804
111805
111806
111807
111838
111841
111842
111843
111844
111845
111846
111847
111848
111849
111850
111851
111882
111885
111886
111887
111888
111889
111890
111891
111892
111893
111894
111895
111928
111930
111931
111932
111933
111934
111935
111936
111937
111938
111939
111940
111941
111944
111986
111988
111989
111990
111991
111992
111993
111994
111995
111996
111997
111998
111999
112000
112001
112002
112003
112006
112058
112061
112063
112064
112066
112067
112069
112727
112728
112730
112731
112732
112733
112734
112735
112736
112737
112738
112740
112787
112788
112789
112790
112791
112792
112793
112794
112795
112796
112797
112798
112799
112800
112801
112803
112804
112856
112857
112858
112859
112860
112861
112862
112863
112864
112865
112866
112867
112869
112870
112909
112912
112913
112914
112915
112916
112917
112918
112919
112920
112921
112922
112953
112956
112957
112958
112959
112960
112961
112962
112963
112964
112965
112966
112997
113000
113001
113002
113003
113004
113005
113006
113007
113008
113009
113010
113041
113044
113045
113046
113047
113048
113049
113050
113051
113052
113053
113054
113087
113089
113090
113091
113092
113093
113094
113095
113096
113097
113098
113099
113100
113103
113145
113147
113148
113149
113150
113151
113152
113153
113154
113155
113156
113157
113158
113159
113160
113161
113162
113165
113217
113220
113222
113223
113225
113226
113228
113886
113887
113889
113890
113891
113892
113893
113894
113895
113896
113897
113899
113946
113947
113948
113949
113950
113951
113952
113953
113954
113955
113956
113957
113958
113959
113960
113962
113963
114015
114016
114017
114018
114019
114020
114021
114022
114023
114024
114025
114026
114028
114029
114068
114071
114072
114073
114074
114075
114076
114077
114078
114079
114080
114081
114112
114115
114116
114117
114118
114119
114120
114121
114122
114123
114124
114125
114156
114159
114160
114161
114162
114163
114164
114165
114166
114167
114168
114169
114200
114203
114204
114205
114206
114207
114208
114209
114210
114211
114212
114213
114246
114248
114249
114250
114251
114252
114253
114254
114255
114256
114257
114258
114259
114262
114304
114306
114307
114308
114309
114310
114311
114312
114313
114314
114315
114316
114317
114318
114319
114320
114321
114324
114376
114379
114381
114382
114384
114385
114387
115045
115046
115048
115049
115050
115051
115052
115053
115054
115055
115056
115058
115105
115106
115107
115108
115109
115110
115111
115112
115113
115114
115115
115116
115117
115118
115119
115121
115122
115174
115175
115176
115177
115178
115179
115180
115181
115182
115183
115184
115185
115187
115188
115227
115230
115231
115232
115233
115234
115235
115236
115237
115238
115239
115240
115271
115274
115275
115276
115277
115278
115279
115280
115281
115282
115283
115284
115315
115318
115319
115320
115321
115322
115323
115324
115325
115326
115327
115328
115359
115362
115363
115364
115365
115366
115367
115368
115369
115370
115371
115372
115405
115407
115408
115409
115410
115411
115412
115413
115414
115415
115416
115417
115418
115421
115463
115465
115466
115467
115468
115469
115470
115471
115472
115473
115474
115475
115476
115477
115478
115479
115480
115483
115535
115538
115540
115541
115543
115544
115546
116204
116205
116207
116208
116209
116210
116211
116212
116213
116214
116215
116217
116264
116265
116266
116267
116268
116269
116270
116271
116272
116273
116274
116275
116276
116277
116278
116280
116281
116333
116334
116335
116336
116337
116338
116339
116340
116341
116342
116343
116344
116346
116347
116386
116389
116390
116391
116392
116393
116394
116395
116396
116397
116398
116399
116430
116433
116434
116435
116436
116437
116438
116439
116440
116441
116442
116443
116474
116477
116478
116479
116480
116481
116482
116483
116484
116485
116486
116487
116518
116521
116522
116523
116524
116525
116526
116527
116528
116529
116530
116531
116564
116566
116567
116568
116569
116570
116571
116572
116573
116574
116575
116576
116577
116580
116622
116624
116625
116626
116627
116628
116629
116630
116631
116632
116633
116634
116635
116636
116637
116638
116639
116642
116694
116697
116699
116700
116702
116703
116705
117363
117364
117366
117367
117368
117369
117370
117371
117372
117373
117374
117376
117423
117424
117425
117426
117427
117428
117429
117430
117431
117432
117433
117434
117435
117436
117437
117439
117440
117492
117493
117494
117495
117496
117497
117498
117499
117500
117501
117502
117503
117505
117506
117545
117548
117549
117550
117551
117552
117553
117554
117555
117556
117557
117558
117589
117592
117593
117594
117595
117596
117597
117598
117599
117600
117601
117602
117633
117636
117637
117638
117639
117640
117641
117642
117643
117644
117645
117646
117677
117680
117681
117682
117683
117684
117685
117686
117687
117688
117689
117690
117723
117725
117726
117727
117728
117729
117730
117731
117732
117733
117734
117735
117736
117739
117781
117783
117784
117785
117786
117787
117788
117789
117790
117791
117792
117793
117794
117795
117796
117797
117798
117801
117853
117856
117858
117859
117861
117862
117864
118522
118523
118525
118526
118527
118528
118529
118530
118531
118532
118533
118535
118582
118583
118584
118585
118586
118587
118588
118589
118590
118591
118592
118593
118594
118595
118596
118598
118599
118651
118652
118653
118654
118655
118656
118657
118658
118659
118660
118661
118662
118664
118665
118704
118707
118708
118709
118710
118711
118712
118713
118714
118715
118716
118717
118748
118751
118752
118753
118754
118755
118756
118757
118758
118759
118760
118761
118792
118795
118796
118797
118798
118799
118800
118801
118802
118803
118804
118805
118836
118839
118840
118841
118842
118843
118844
118845
118846
118847
118848
118849
118882
118884
118885
118886
118887
118888
118889
118890
118891
118892
118893
118894
118895
118898
118940
118942
118943
118944
118945
118946
118947
118948
118949
118950
118951
118952
118953
118954
118955
118956
118957
118960
119012
119015
119017
119018
119020
119021
119023
119681
119682
119684
119685
119686
119687
119688
119689
119690
119691
119692
119694
119741
119742
119743
119744
119745
119746
119747
119748
119749
119750
119751
119752
119753
119754
119755
119757
119758
119810
119811
119812
119813
119814
119815
119816
119817
119818
119819
119820
119821
119823
119824
119863
119866
119867
119868
119869
119870
119871
119872
119873
119874
119875
119876
119907
119910
119911
119912
119913
119914
119915
119916
119917
119918
119919
119920
119951
119954
119955
119956
119957
119958
119959
119960
119961
119962
119963
119964
119995
119998
119999
120000
120001
120002
120003
120004
120005
120006
120007
120008
120041
120043
120044
120045
120046
120047
120048
120049
120050
120051
120052
120053
120054
120057
120099
120101
120102
120103
120104
120105
120106
120107
120108
120109
120110
120111
120112
120113
120114
120115
120116
120119
120171
120174
120176
120177
120179
120180
120182
120840
120841
120843
120844
120845
120846
120847
120848
120849
120850
120851
120853
120900
120901
120902
120903
120904
120905
120906
120907
120908
120909
120910
120911
120912
120913
120914
120916
120917
120969
120970
120971
120972
120973
120974
120975
120976
120977
120978
120979
120980
120982
120983
121022
121025
121026
121027
121028
121029
121030
121031
121032
121033
121034
121035
121066
121069
121070
121071
121072
121073
121074
121075
121076
121077
121078
121079
121110
121113
121114
121115
121116
121117
121118
121119
121120
121121
121122
121123
121154
121157
121158
121159
121160
121161
121162
121163
121164
121165
121166
121167
121200
121202
121203
121204
121205
121206
121207
121208
121209
121210
121211
121212
121213
121216
121258
121260
121261
121262
121263
121264
121265
121266
121267
121268
121269
121270
121271
121272
121273
121274
121275
121278
121330
121333
121335
121336
121338
121339
121341
121999
122000
122002
122003
122004
122005
122006
122007
122008
122009
122010
122012
122059
122060
122061
122062
122063
122064
122065
122066
122067
122068
122069
122070
122071
122072
122073
122075
122076
122128
122129
122130
122131
122132
122133
122134
122135
122136
122137
122138
122139
122141
122142
122181
122184
122185
122186
122187
122188
122189
122190
122191
122192
122193
122194
122225
122228
122229
122230
122231
122232
122233
122234
122235
122236
122237
122238
122269
122272
122273
122274
122275
122276
122277
122278
122279
122280
122281
122282
122313
122316
122317
122318
122319
122320
122321
122322
122323
122324
122325
122326
122359
122361
122362
122363
122364
122365
122366
122367
122368
122369
122370
122371
122372
122375
122417
122419
122420
122421
122422
122423
122424
122425
122426
122427
122428
122429
122430
122431
122432
122433
122434
122437
122489
122492
122494
122495
122497
122498
122500
123158
123159
123161
123162
123163
123164
123165
123166
123167
123168
123169
123171
123218
123219
123220
123221
123222
123223
123224
123225
123226
123227
123228
123229
123230
123231
123232
123234
123235
123287
123288
123289
123290
123291
123292
123293
123294
123295
123296
123297
123298
123300
123301
123340
123343
123344
123345
123346
123347
123348
123349
123350
123351
123352
123353
123384
123387
123388
123389
123390
123391
123392
123393
123394
123395
123396
123397
123428
123431
123432
123433
123434
123435
123436
123437
123438
123439
123440
123441
123472
123475
123476
123477
123478
123479
123480
123481
123482
123483
123484
123485
123518
123520
123521
123522
123523
123524
123525
123526
123527
123528
123529
123530
123531
123534
123576
123578
123579
123580
123581
123582
123583
123584
123585
123586
123587
123588
123589
123590
123591
123592
123593
123596
123648
123651
123653
123654
123656
123657
123659
124317
124318
124320
124321
124322
124323
124324
124325
124326
124327
124328
124330
124377
124378
124379
124380
124381
124382
124383
124384
124385
124386
124387
124388
124389
124390
124391
124393
124394
124446
124447
124448
124449
124450
124451
124452
124453
124454
124455
124456
124457
124459
124460
124499
124502
124503
124504
124505
124506
124507
124508
124509
124510
124511
124512
124543
124546
124547
124548
124549
124550
124551
124552
124553
124554
124555
124556
124587
124590
124591
124592
124593
124594
124595
124596
124597
124598
124599
124600
124631
124634
124635
124636
124637
124638
124639
124640
124641
124642
124643
124644
124677
124679
124680
124681
124682
124683
124684
124685
124686
124687
124688
124689
124690
124693
124735
124737
124738
124739
124740
124741
124742
124743
124744
124745
124746
124747
124748
124749
124750
124751
124752
124755
124807
124810
124812
124813
124815
124816
124818
125476
125477
125479
125480
125481
125482
125483
125484
125485
125486
125487
125489
125536
125537
125538
125539
125540
125541
125542
125543
125544
125545
125546
125547
125548
125549
125550
125552
125553
125605
125606
125607
125608
125609
125610
125611
125612
125613
125614
125615
125616
125618
125619
125658
125661
125662
125663
125664
125665
125666
125667
125668
125669
125670
125671
125702
125705
125706
125707
125708
125709
125710
125711
125712
125713
125714
125715
125746
125749
125750
125751
125752
125753
125754
125755
125756
125757
125758
125759
125790
125793
125794
125795
125796
125797
125798
125799
125800
125801
125802
125803
125836
125838
125839
125840
125841
125842
125843
125844
125845
125846
125847
125848
125849
125852
125894
125896
125897
125898
125899
125900
125901
125902
125903
125904
125905
125906
125907
125908
125909
125910
125911
125914
125966
125969
125971
125972
125974
125975
125977
126635
126636
126638
126639
126640
126641
126642
126643
126644
126645
126646
126648
126695
126696
126697
126698
126699
126700
126701
126702
126703
126704
126705
126706
126707
126708
126709
126711
126712
126764
126765
126766
126767
126768
126769
126770
126771
126772
126773
126774
126775
126777
126778
126817
126820
126821
126822
126823
126824
126825
126826
126827
126828
126829
126830
126861
126864
126865
126866
126867
126868
126869
126870
126871
126872
126873
126874
126905
126908
126909
126910
126911
126912
126913
126914
126915
126916
126917
126918
126949
126952
126953
126954
126955
126956
126957
126958
126959
126960
126961
126962
126995
126997
126998
126999
127000
127001
127002
127003
127004
127005
127006
127007
127008
127011
127053
127055
127056
127057
127058
127059
127060
127061
127062
127063
127064
127065
127066
127067
127068
127069
127070
127073
127125
127128
127130
127131
127133
127134
127136
127794
127795
127797
127798
127799
127800
127801
127802
127803
127804
127805
127807
127854
127855
127856
127857
127858
127859
127860
127861
127862
127863
127864
127865
127866
127867
127868
127870
127871
127923
127924
127925
127926
127927
127928
127929
127930
127931
127932
127933
127934
127936
127937
127976
127979
127980
127981
127982
127983
127984
127985
127986
127987
127988
127989
128020
128023
128024
128025
128026
128027
128028
128029
128030
128031
128032
128033
128064
128067
128068
128069
128070
128071
128072
128073
128074
128075
128076
128077
128108
128111
128112
128113
128114
128115
128116
128117
128118
128119
128120
128121
128154
128156
128157
128158
128159
128160
128161
128162
128163
128164
128165
128166
128167
128170
128212
128214
128215
128216
128217
128218
128219
128220
128221
128222
128223
128224
128225
128226
128227
128228
128229
128232
128284
128287
128289
128290
128292
128293
128295
128953
128954
128956
128957
128958
128959
128960
128961
128962
128963
128964
128966
129013
129014
129015
129016
129017
129018
129019
129020
129021
129022
129023
129024
129025
129026
129027
129028
129029
129030
129032
129033
129091
129092
129093
129094
129095
129096
129097
129098
129099
129100
129101
129102
129103
129104
129105
129106
129107
129108
129109
129110
129111
129112
129113
129114
129116
129117
129180
129183
129184
129185
129186
129187
129188
129189
129190
129191
129192
129193
129194
129195
129196
129197
129198
129199
129200
129201
129202
129203
129204
129205
129206
129207
129208
129209
129272
129275
129276
129277
129278
129279
129280
129281
129282
129283
129284
129285
129286
129287
129288
129289
129290
129291
129292
129293
129294
129295
129296
129297
129298
129299
129300
129301
129364
129367
129368
129369
129370
129371
129372
129373
129374
129375
129376
129377
129378
129379
129380
129381
129382
129383
129384
129385
129386
129387
129388
129389
129390
129391
129392
129393
129456
129459
129460
129461
129462
129463
129464
129465
129466
129467
129468
129469
129470
129471
129472
129473
129474
129475
129476
129477
129478
129479
129480
129481
129482
129483
129484
129485
129550
129552
129553
129554
129555
129556
129557
129558
129559
129560
129561
129562
129563
129564
129565
129566
129567
129568
129569
129570
129571
129572
129573
129576
129638
129640
129641
129642
129643
129644
129645
129646
129647
129648
129649
129650
129651
129652
129653
129654
129655
129658
129710
129713
129715
129716
129718
129719
129721
130643
130644
130645
130652
130653
130654
130655
130656
130657
130658
130659
130660
130661
130662
130663
130688
130689
130690
130691
130692
130693
130694
130695
130696
130697
130698
130699
130700
130701
130702
130703
130704
130705
130742
130743
130744
130745
130746
130747
130748
130749
130750
130751
130752
130753
130754
130755
130756
130757
130758
130759
130760
130761
130762
130763
130808
130809
130810
130811
130812
130813
130814
130815
130816
130817
130818
130819
130820
130821
130822
130823
130824
130825
130826
130827
130828
130829
130874
130875
130876
130877
130878
130879
130880
130881
130882
130883
130884
130885
130886
130887
130888
130889
130922
130923
130924
130925
130926
130927
130928
130929
130930
130931
131822
131825
131828
131831
131866
131867
131868
131869
131870
131871
131872
131873
131874
131875
131876
131877
131878
131879
131880
131882
131883
131929
131930
131931
131932
131933
131934
131935
131936
131937
131938
131940
131941
131976
131977
131979
131980
131981
131982
131983
131984
131985
131987
132016
132017
132018
132019
132020
132021
132022
132023
132024
132025
132027
132028
132056
132057
132058
132059
132060
132061
132062
132063
132064
132065
132067
132068
132096
132097
132098
132099
132100
132101
132102
132103
132104
132105
132107
132108
132136
132139
132140
132141
132142
132143
132144
132145
132146
132147
132182
132184
132185
132186
132187
132188
132189
132190
132191
132192
132193
132194
132195
132198
132236
132238
132239
132240
132241
132242
132243
132244
132245
132246
132247
132248
132249
132250
132253
132819
132822
132825
132828
132863
132864
132865
132866
132867
132868
132869
132870
132871
132872
132873
132874
132875
132876
132877
132879
132880
132926
132927
132928
132929
132930
132931
132932
132933
132934
132935
132937
132938
132973
132974
132976
132977
132978
132979
132980
132981
132982
132984
133013
133014
133015
133016
133017
133018
133019
133020
133021
133022
133024
133025
133053
133054
133055
133056
133057
133058
133059
133060
133061
133062
133064
133065
133093
133094
133095
133096
133097
133098
133099
133100
133101
133102
133104
133105
133133
133136
133137
133138
133139
133140
133141
133142
133143
133144
133179
133181
133182
133183
133184
133185
133186
133187
133188
133189
133190
133191
133192
133195
133233
133235
133236
133237
133238
133239
133240
133241
133242
133243
133244
133245
133246
133247
133250
133816
133819
133822
133825
133860
133861
133862
133863
133864
133865
133866
133867
133868
133869
133870
133871
133872
133873
133874
133876
133877
133923
133924
133925
133926
133927
133928
133929
133930
133931
133932
133934
133935
133970
133971
133973
133974
133975
133976
133977
133978
133979
133981
134010
134011
134012
134013
134014
134015
134016
134017
134018
134019
134021
134022
134050
134051
134052
134053
134054
134055
134056
134057
134058
134059
134061
134062
134090
134091
134092
134093
134094
134095
134096
134097
134098
134099
134101
134102
134130
134133
134134
134135
134136
134137
134138
134139
134140
134141
134176
134178
134179
134180
134181
134182
134183
134184
134185
134186
134187
134188
134189
134192
134230
134232
134233
134234
134235
134236
134237
134238
134239
134240
134241
134242
134243
134244
134247
134813
134816
134819
134822
134857
134858
134859
134860
134861
134862
134863
134864
134865
134866
134867
134868
134869
134870
134871
134873
134874
134920
134921
134922
134923
134924
134925
134926
134927
134928
134929
134931
134932
134967
134968
134970
134971
134972
134973
134974
134975
134976
134978
135007
135008
135009
135010
135011
135012
135013
135014
135015
135016
135018
135019
135047
135048
135049
135050
135051
135052
135053
135054
135055
135056
135058
135059
135087
135088
135089
135090
135091
135092
135093
135094
135095
135096
135098
135099
135127
135130
135131
135132
135133
135134
135135
135136
135137
135138
135173
135175
135176
135177
135178
135179
135180
135181
135182
135183
135184
135185
135186
135189
135227
135229
135230
135231
135232
135233
135234
135235
135236
135237
135238
135239
135240
135241
135244
135810
135813
135816
135819
135854
135855
135856
135857
135858
135859
135860
135861
135862
135863
135864
135865
135866
135867
135868
135870
135871
135917
135918
135919
135920
135921
135922
135923
135924
135925
135926
135928
135929
135964
135965
135967
135968
135969
135970
135971
135972
135973
135975
136004
136005
136006
136007
136008
136009
136010
136011
136012
136013
136015
136016
136044
136045
136046
136047
136048
136049
136050
136051
136052
136053
136055
136056
136084
136085
136086
136087
136088
136089
136090
136091
136092
136093
136095
136096
136124
136127
136128
136129
136130
136131
136132
136133
136134
136135
136170
136172
136173
136174
136175
136176
136177
136178
136179
136180
136181
136182
136183
136186
136224
136226
136227
136228
136229
136230
136231
136232
136233
136234
136235
136236
136237
136238
136241
136807
136810
136813
136816
136851
136852
136853
136854
136855
136856
136857
136858
136859
136860
136861
136862
136863
136864
136865
136867
136868
136914
136915
136916
136917
136918
136919
136920
136921
136922
136923
136925
136926
136961
136962
136964
136965
136966
136967
136968
136969
136970
136972
137001
137002
137003
137004
137005
137006
137007
137008
137009
137010
137012
137013
137041
137042
137043
137044
137045
137046
137047
137048
137049
137050
137052
137053
137081
137082
137083
137084
137085
137086
137087
137088
137089
137090
137092
137093
137121
137124
137125
137126
137127
137128
137129
137130
137131
137132
137167
137169
137170
137171
137172
137173
137174
137175
137176
137177
137178
137179
137180
137183
137221
137223
137224
137225
137226
137227
137228
137229
137230
137231
137232
137233
137234
137235
137238
137804
137807
137810
137813
137848
137849
137850
137851
137852
137853
137854
137855
137856
137857
137858
137859
137860
137861
137862
137864
137865
137911
137912
137913
137914
137915
137916
137917
137918
137919
137920
137922
137923
137958
137959
137961
137962
137963
137964
137965
137966
137967
137969
137998
137999
138000
138001
138002
138003
138004
138005
138006
138007
138009
138010
138038
138039
138040
138041
138042
138043
138044
138045
138046
138047
138049
138050
138078
138079
138080
138081
138082
138083
138084
138085
138086
138087
138089
138090
138118
138121
138122
138123
138124
138125
138126
138127
138128
138129
138164
138166
138167
138168
138169
138170
138171
138172
138173
138174
138175
138176
138177
138180
138218
138220
138221
138222
138223
138224
138225
138226
138227
138228
138229
138230
138231
138232
138235
138801
138804
138807
138810
138845
138846
138847
138848
138849
138850
138851
138852
138853
138854
138855
138856
138857
138858
138859
138861
138862
138908
138909
138910
138911
138912
138913
138914
138915
138916
138917
138919
138920
138955
138956
138958
138959
138960
138961
138962
138963
138964
138966
138995
138996
138997
138998
138999
139000
139001
139002
139003
139004
139006
139007
139035
139036
139037
139038
139039
139040
139041
139042
139043
139044
139046
139047
139075
139076
139077
139078
139079
139080
139081
139082
139083
139084
139086
139087
139115
139118
139119
139120
139121
139122
139123
139124
139125
139126
139161
139163
139164
139165
139166
139167
139168
139169
139170
139171
139172
139173
139174
139177
139215
139217
139218
139219
139220
139221
139222
139223
139224
139225
139226
139227
139228
139229
139232
139798
139801
139804
139807
139842
139843
139844
139845
139846
139847
139848
139849
139850
139851
139852
139853
139854
139855
139856
139858
139859
139905
139906
139907
139908
139909
139910
139911
139912
139913
139914
139916
139917
139952
139953
139955
139956
139957
139958
139959
139960
139961
139963
139992
139993
139994
139995
139996
139997
139998
139999
140000
140001
140003
140004
140032
140033
140034
140035
140036
140037
140038
140039
140040
140041
140043
140044
140072
140073
140074
140075
140076
140077
140078
140079
140080
140081
140083
140084
140112
140115
140116
140117
140118
140119
140120
140121
140122
140123
140158
140160
140161
140162
140163
140164
140165
140166
140167
140168
140169
140170
140171
140174
140212
140214
140215
140216
140217
140218
140219
140220
140221
140222
140223
140224
140225
140226
140229
140795
140798
140801
140804
140839
140840
140841
140842
140843
140844
140845
140846
140847
140848
140849
140850
140851
140852
140853
140855
140856
140902
140903
140904
140905
140906
140907
140908
140909
140910
140911
140913
140914
140949
140950
140952
140953
140954
140955
140956
140957
140958
140960
140989
140990
140991
140992
140993
140994
140995
140996
140997
140998
141000
141001
141029
141030
141031
141032
141033
141034
141035
141036
141037
141038
141040
141041
141069
141070
141071
141072
141073
141074
141075
141076
141077
141078
141080
141081
141109
141112
141113
141114
141115
141116
141117
141118
141119
141120
141155
141157
141158
141159
141160
141161
141162
141163
141164
141165
141166
141167
141168
141171
141209
141211
141212
141213
141214
141215
141216
141217
141218
141219
141220
141221
141222
141223
141226
141792
141795
141798
141801
141836
141837
141838
141839
141840
141841
141842
141843
141844
141845
141846
141847
141848
141849
141850
141852
141853
141899
141900
141901
141902
141903
141904
141905
141906
141907
141908
141910
141911
141946
141947
141949
141950
141951
141952
141953
141954
141955
141957
141986
141987
141988
141989
141990
141991
141992
141993
141994
141995
141997
141998
142026
142027
142028
142029
142030
142031
142032
142033
142034
142035
142037
142038
142066
142067
142068
142069
142070
142071
142072
142073
142074
142075
142077
142078
142106
142109
142110
142111
142112
142113
142114
142115
142116
142117
142152
142154
142155
142156
142157
142158
142159
142160
142161
142162
142163
142164
142165
142168
142206
142208
142209
142210
142211
142212
142213
142214
142215
142216
142217
142218
142219
142220
142223
142789
142792
142795
142798
142833
142834
142835
142836
142837
142838
142839
142840
142841
142842
142843
142844
142845
142846
142847
142849
142850
142896
142897
142898
142899
142900
142901
142902
142903
142904
142905
142907
142908
142943
142944
142946
142947
142948
142949
142950
142951
142952
142954
142983
142984
142985
142986
142987
142988
142989
142990
142991
142992
142994
142995
143023
143024
143025
143026
143027
143028
143029
143030
143031
143032
143034
143035
143063
143064
143065
143066
143067
143068
143069
143070
143071
143072
143074
143075
143103
143106
143107
143108
143109
143110
143111
143112
143113
143114
143149
143151
143152
143153
143154
143155
143156
143157
143158
143159
143160
143161
143162
143165
143203
143205
143206
143207
143208
143209
143210
143211
143212
143213
143214
143215
143216
143217
143220
143786
143789
143792
143795
143830
143831
143832
143833
143834
143835
143836
143837
143838
143839
143840
143841
143842
143843
143844
143846
143847
143893
143894
143895
143896
143897
143898
143899
143900
143901
143902
143904
143905
143940
143941
143943
143944
143945
143946
143947
143948
143949
143951
143980
143981
143982
143983
143984
143985
143986
143987
143988
143989
143991
143992
144020
144021
144022
144023
144024
144025
144026
144027
144028
144029
144031
144032
144060
144061
144062
144063
144064
144065
144066
144067
144068
144069
144071
144072
144100
144103
144104
144105
144106
144107
144108
144109
144110
144111
144146
144148
144149
144150
144151
144152
144153
144154
144155
144156
144157
144158
144159
144162
144200
144202
144203
144204
144205
144206
144207
144208
144209
144210
144211
144212
144213
144214
144217
144783
144786
144789
144792
144827
144828
144829
144830
144831
144832
144833
144834
144835
144836
144837
144838
144839
144840
144841
144843
144844
144890
144891
144892
144893
144894
144895
144896
144897
144898
144899
144901
144902
144937
144938
144940
144941
144942
144943
144944
144945
144946
144948
144977
144978
144979
144980
144981
144982
144983
144984
144985
144986
144988
144989
145017
145018
145019
145020
145021
145022
145023
145024
145025
145026
145028
145029
145057
145058
145059
145060
145061
145062
145063
145064
145065
145066
145068
145069
145097
145100
145101
145102
145103
145104
145105
145106
145107
145108
145143
145145
145146
145147
145148
145149
145150
145151
145152
145153
145154
145155
145156
145159
145197
145199
145200
145201
145202
145203
145204
145205
145206
145207
145208
145209
145210
145211
145214
145780
145783
145786
145789
145824
145825
145826
145827
145828
145829
145830
145831
145832
145833
145834
145835
145836
145837
145838
145840
145841
145887
145888
145889
145890
145891
145892
145893
145894
145895
145896
145898
145899
145934
145935
145937
145938
145939
145940
145941
145942
145943
145945
145974
145975
145976
145977
145978
145979
145980
145981
145982
145983
145985
145986
146014
146015
146016
146017
146018
146019
146020
146021
146022
146023
146025
146026
146054
146055
146056
146057
146058
146059
146060
146061
146062
146063
146065
146066
146094
146097
146098
146099
146100
146101
146102
146103
146104
146105
146140
146142
146143
146144
146145
146146
146147
146148
146149
146150
146151
146152
146153
146156
146194
146196
146197
146198
146199
146200
146201
146202
146203
146204
146205
146206
146207
146208
146211
146777
146780
146783
146786
146821
146822
146823
146824
146825
146826
146827
146828
146829
146830
146831
146832
146833
146834
146835
146837
146838
146884
146885
146886
146887
146888
146889
146890
146891
146892
146893
146895
146896
146931
146932
146934
146935
146936
146937
146938
146939
146940
146942
146971
146972
146973
146974
146975
146976
146977
146978
146979
146980
146982
146983
147011
147012
147013
147014
147015
147016
147017
147018
147019
147020
147022
147023
147051
147052
147053
147054
147055
147056
147057
147058
147059
147060
147062
147063
147091
147094
147095
147096
147097
147098
147099
147100
147101
147102
147137
147139
147140
147141
147142
147143
147144
147145
147146
147147
147148
147149
147150
147153
147191
147193
147194
147195
147196
147197
147198
147199
147200
147201
147202
147203
147204
147205
147208
147774
147777
147780
147783
147818
147819
147820
147821
147822
147823
147824
147825
147826
147827
147828
147829
147830
147831
147832
147834
147835
147881
147882
147883
147884
147885
147886
147887
147888
147889
147890
147892
147893
147928
147929
147931
147932
147933
147934
147935
147936
147937
147939
147968
147969
147970
147971
147972
147973
147974
147975
147976
147977
147979
147980
148008
148009
148010
148011
148012
148013
148014
148015
148016
148017
148019
148020
148048
148049
148050
148051
148052
148053
148054
148055
148056
148057
148059
148060
148088
148091
148092
148093
148094
148095
148096
148097
148098
148099
148134
148136
148137
148138
148139
148140
148141
148142
148143
148144
148145
148146
148147
148150
148188
148190
148191
148192
148193
148194
148195
148196
148197
148198
148199
148200
148201
148202
148205
148771
148774
148777
148780
148815
148816
148817
148818
148819
148820
148821
148822
148823
148824
148825
148826
148827
148828
148829
148831
148832
148878
148879
148880
148881
148882
148883
148884
148885
148886
148887
148889
148890
148925
148926
148928
148929
148930
148931
148932
148933
148934
148936
148965
148966
148967
148968
148969
148970
148971
148972
148973
148974
148976
148977
149005
149006
149007
149008
149009
149010
149011
149012
149013
149014
149016
149017
149045
149046
149047
149048
149049
149050
149051
149052
149053
149054
149056
149057
149085
149088
149089
149090
149091
149092
149093
149094
149095
149096
149131
149133
149134
149135
149136
149137
149138
149139
149140
149141
149142
149143
149144
149147
149185
149187
149188
149189
149190
149191
149192
149193
149194
149195
149196
149197
149198
149199
149202
149768
149771
149774
149777
149812
149813
149814
149815
149816
149817
149818
149819
149820
149821
149822
149823
149824
149825
149826
149828
149829
149875
149876
149877
149878
149879
149880
149881
149882
149883
149884
149886
149887
149922
149923
149925
149926
149927
149928
149929
149930
149931
149933
149962
149963
149964
149965
149966
149967
149968
149969
149970
149971
149973
149974
150002
150003
150004
150005
150006
150007
150008
150009
150010
150011
150013
150014
150042
150043
150044
150045
150046
150047
150048
150049
150050
150051
150053
150054
150082
150085
150086
150087
150088
150089
150090
150091
150092
150093
150128
150130
150131
150132
150133
150134
150135
150136
150137
150138
150139
150140
150141
150144
150182
150184
150185
150186
150187
150188
150189
150190
150191
150192
150193
150194
150195
150196
150199
150765
150768
150771
150774
150809
150810
150811
150812
150813
150814
150815
150816
150817
150818
150819
150820
150821
150822
150823
150825
150826
150872
150873
150874
150875
150876
150877
150878
150879
150880
150881
150883
150884
150919
150920
150922
150923
150924
150925
150926
150927
150928
150930
150959
150960
150961
150962
150963
150964
150965
150966
150967
150968
150970
150971
150999
151000
151001
151002
151003
151004
151005
151006
151007
151008
151010
151011
151039
151040
151041
151042
151043
151044
151045
151046
151047
151048
151050
151051
151079
151082
151083
151084
151085
151086
151087
151088
151089
151090
151125
151127
151128
151129
151130
151131
151132
151133
151134
151135
151136
151137
151138
151141
151179
151181
151182
151183
151184
151185
151186
151187
151188
151189
151190
151191
151192
151193
151196
151762
151765
151768
151771
151806
151807
151808
151809
151810
151811
151812
151813
151814
151815
151816
151817
151818
151819
151820
151822
151823
151869
151870
151871
151872
151873
151874
151875
151876
151877
151878
151880
151881
151916
151917
151919
151920
151921
151922
151923
151924
151925
151927
151956
151957
151958
151959
151960
151961
151962
151963
151964
151965
151967
151968
151996
151997
151998
151999
152000
152001
152002
152003
152004
152005
152007
152008
152036
152037
152038
152039
152040
152041
152042
152043
152044
152045
152047
152048
152076
152079
152080
152081
152082
152083
152084
152085
152086
152087
152122
152124
152125
152126
152127
152128
152129
152130
152131
152132
152133
152134
152135
152138
152176
152178
152179
152180
152181
152182
152183
152184
152185
152186
152187
152188
152189
152190
152193
152759
152762
152765
152768
152803
152804
152805
152806
152807
152808
152809
152810
152811
152812
152813
152814
152815
152816
152817
152819
152820
152866
152867
152868
152869
152870
152871
152872
152873
152874
152875
152877
152878
152913
152914
152916
152917
152918
152919
152920
152921
152922
152924
152953
152954
152955
152956
152957
152958
152959
152960
152961
152962
152964
152965
152993
152994
152995
152996
152997
152998
152999
153000
153001
153002
153004
153005
153033
153034
153035
153036
153037
153038
153039
153040
153041
153042
153044
153045
153073
153076
153077
153078
153079
153080
153081
153082
153083
153084
153119
153121
153122
153123
153124
153125
153126
153127
153128
153129
153130
153131
153132
153135
153173
153175
153176
153177
153178
153179
153180
153181
153182
153183
153184
153185
153186
153187
153190
153756
153759
153762
153765
153800
153801
153802
153803
153804
153805
153806
153807
153808
153809
153810
153811
153812
153813
153814
153816
153817
153863
153864
153865
153866
153867
153868
153869
153870
153871
153872
153874
153875
153910
153911
153913
153914
153915
153916
153917
153918
153919
153921
153950
153951
153952
153953
153954
153955
153956
153957
153958
153959
153961
153962
153990
153991
153992
153993
153994
153995
153996
153997
153998
153999
154001
154002
154030
154031
154032
154033
154034
154035
154036
154037
154038
154039
154041
154042
154070
154073
154074
154075
154076
154077
154078
154079
154080
154081
154116
154118
154119
154120
154121
154122
154123
154124
154125
154126
154127
154128
154129
154132
154170
154172
154173
154174
154175
154176
154177
154178
154179
154180
154181
154182
154183
154184
154187
154753
154756
154759
154762
154797
154798
154799
154800
154801
154802
154803
154804
154805
154806
154807
154808
154809
154810
154811
154813
154814
154860
154861
154862
154863
154864
154865
154866
154867
154868
154869
154871
154872
154907
154908
154910
154911
154912
154913
154914
154915
154916
154918
154947
154948
154949
154950
154951
154952
154953
154954
154955
154956
154958
154959
154987
154988
154989
154990
154991
154992
154993
154994
154995
154996
154998
154999
155027
155028
155029
155030
155031
155032
155033
155034
155035
155036
155038
155039
155067
155070
155071
155072
155073
155074
155075
155076
155077
155078
155113
155115
155116
155117
155118
155119
155120
155121
155122
155123
155124
155125
155126
155129
155167
155169
155170
155171
155172
155173
155174
155175
155176
155177
155178
155179
155180
155181
155184
155750
155753
155756
155759
155794
155795
155796
155797
155798
155799
155800
155801
155802
155803
155804
155805
155806
155807
155808
155810
155811
155857
155858
155859
155860
155861
155862
155863
155864
155865
155866
155868
155869
155904
155905
155907
155908
155909
155910
155911
155912
155913
155915
155944
155945
155946
155947
155948
155949
155950
155951
155952
155953
155955
155956
155984
155985
155986
155987
155988
155989
155990
155991
155992
155993
155995
155996
156024
156025
156026
156027
156028
156029
156030
156031
156032
156033
156035
156036
156064
156067
156068
156069
156070
156071
156072
156073
156074
156075
156110
156112
156113
156114
156115
156116
156117
156118
156119
156120
156121
156122
156123
156126
156164
156166
156167
156168
156169
156170
156171
156172
156173
156174
156175
156176
156177
156178
156181
156747
156750
156753
156756
156791
156792
156793
156794
156795
156796
156797
156798
156799
156800
156801
156802
156803
156804
156805
156807
156808
156854
156855
156856
156857
156858
156859
156860
156861
156862
156863
156865
156866
156901
156902
156904
156905
156906
156907
156908
156909
156910
156912
156941
156942
156943
156944
156945
156946
156947
156948
156949
156950
156952
156953
156981
156982
156983
156984
156985
156986
156987
156988
156989
156990
156992
156993
157021
157022
157023
157024
157025
157026
157027
157028
157029
157030
157032
157033
157061
157064
157065
157066
157067
157068
157069
157070
157071
157072
157107
157109
157110
157111
157112
157113
157114
157115
157116
157117
157118
157119
157120
157123
157161
157163
157164
157165
157166
157167
157168
157169
157170
157171
157172
157173
157174
157175
157178
157744
157747
157750
157753
157788
157789
157790
157791
157792
157793
157794
157795
157796
157797
157798
157799
157800
157801
157802
157804
157805
157851
157852
157853
157854
157855
157856
157857
157858
157859
157860
157862
157863
157898
157899
157901
157902
157903
157904
157905
157906
157907
157909
157938
157939
157940
157941
157942
157943
157944
157945
157946
157947
157949
157950
157978
157979
157980
157981
157982
157983
157984
157985
157986
157987
157989
157990
158018
158019
158020
158021
158022
158023
158024
158025
158026
158027
158029
158030
158058
158061
158062
158063
158064
158065
158066
158067
158068
158069
158104
158106
158107
158108
158109
158110
158111
158112
158113
158114
158115
158116
158117
158120
158158
158160
158161
158162
158163
158164
158165
158166
158167
158168
158169
158170
158171
158172
158175
158741
158744
158747
158750
158785
158786
158787
158788
158789
158790
158791
158792
158793
158794
158795
158796
158797
158798
158799
158801
158802
158848
158849
158850
158851
158852
158853
158854
158855
158856
158857
158859
158860
158895
158896
158898
158899
158900
158901
158902
158903
158904
158906
158935
158936
158937
158938
158939
158940
158941
158942
158943
158944
158946
158947
158975
158976
158977
158978
158979
158980
158981
158982
158983
158984
158986
158987
159015
159016
159017
159018
159019
159020
159021
159022
159023
159024
159026
159027
159055
159058
159059
159060
159061
159062
159063
159064
159065
159066
159101
159103
159104
159105
159106
159107
159108
159109
159110
159111
159112
159113
159114
159117
159155
159157
159158
159159
159160
159161
159162
159163
159164
159165
159166
159167
159168
159169
159172
159738
159741
159744
159747
159782
159783
159784
159785
159786
159787
159788
159789
159790
159791
159792
159793
159794
159795
159796
159798
159799
159845
159846
159847
159848
159849
159850
159851
159852
159853
159854
159856
159857
159892
159893
159895
159896
159897
159898
159899
159900
159901
159903
159932
159933
159934
159935
159936
159937
159938
159939
159940
159941
159943
159944
159972
159973
159974
159975
159976
159977
159978
159979
159980
159981
159983
159984
160012
160013
160014
160015
160016
160017
160018
160019
160020
160021
160023
160024
160052
160055
160056
160057
160058
160059
160060
160061
160062
160063
160098
160100
160101
160102
160103
160104
160105
160106
160107
160108
160109
160110
160111
160114
160152
160154
160155
160156
160157
160158
160159
160160
160161
160162
160163
160164
160165
160166
160169
160735
160738
160741
160744
160779
160780
160781
160782
160783
160784
160785
160786
160787
160788
160789
160790
160791
160792
160793
160795
160796
160842
160843
160844
160845
160846
160847
160848
160849
160850
160851
160853
160854
160889
160890
160892
160893
160894
160895
160896
160897
160898
160900
160929
160930
160931
160932
160933
160934
160935
160936
160937
160938
160940
160941
160969
160970
160971
160972
160973
160974
160975
160976
160977
160978
160980
160981
161009
161010
161011
161012
161013
161014
161015
161016
161017
161018
161020
161021
161049
161052
161053
161054
161055
161056
161057
161058
161059
161060
161095
161097
161098
161099
161100
161101
161102
161103
161104
161105
161106
161107
161108
161111
161149
161151
161152
161153
161154
161155
161156
161157
161158
161159
161160
161161
161162
161163
161166
161732
161735
161738
161741
161776
161777
161778
161779
161780
161781
161782
161783
161784
161785
161786
161787
161788
161789
161790
161792
161793
161839
161840
161841
161842
161843
161844
161845
161846
161847
161848
161849
161850
161851
161852
161854
161855
161898
161899
161901
161902
161903
161904
161905
161906
161907
161908
161909
161910
161911
161912
161913
161915
161956
161957
161958
161959
161960
161961
161962
161963
161964
161965
161966
161967
161968
161969
161970
161971
161973
161974
162014
162015
162016
162017
162018
162019
162020
162021
162022
162023
162024
162025
162026
162027
162028
162029
162031
162032
162072
162073
162074
162075
162076
162077
162078
162079
162080
162081
162082
162083
162084
162085
162086
162087
162089
162090
162130
162133
162134
162135
162136
162137
162138
162139
162140
162141
162142
162143
162144
162145
162146
162147
162194
162196
162197
162198
162199
162200
162201
162202
162203
162204
162205
162206
162207
162208
162209
162210
162211
162214
162260
162262
162263
162264
162265
162266
162267
162268
162269
162270
162271
162272
162273
162274
162277
162957
162960
162963
162966
163001
163002
163003
163004
163005
163006
163007
163008
163009
163010
163012
163046
163047
163048
163049
163050
163051
163052
163053
163054
163055
163056
163057
163058
163059
163060
163061
163062
163063
163065
163114
163115
163116
163117
163118
163119
163120
163121
163122
163123
163124
163125
163126
163127
163128
163129
163130
163131
163132
163133
163134
163135
163136
163137
163139
163193
163194
163195
163196
163197
163198
163199
163200
163201
163202
163203
163204
163205
163206
163207
163208
163209
163210
163211
163212
163213
163214
163215
163216
163217
163218
163220
163278
163279
163280
163281
163282
163283
163284
163285
163286
163287
163288
163289
163290
163291
163292
163293
163294
163295
163296
163297
163298
163299
163300
163301
163302
163303
163305
163363
163364
163365
163366
163367
163368
163369
163370
163371
163372
163373
163374
163375
163376
163377
163378
163379
163380
163381
163382
163383
163384
163385
163386
163387
163388
163390
163448
163450
163451
163452
163453
163454
163455
163456
163457
163458
163459
163460
163461
163462
163463
163464
163465
163466
163467
163468
163469
163470
163471
163527
163529
163530
163531
163532
163533
163534
163535
163536
163537
163538
163539
163540
163541
163542
163543
163544
163590
163592
163593
163594
163595
163596
163597
163598
163599
164374
164375
164377
164378
164380
164381
164383
164407
164408
164410
164411
164413
164414
164416
164417
164419
164420
164422
164458
164459
164461
164462
164464
164465
164467
164468
164470
164471
164473
164474
164476
164477
164479
164527
164528
164530
164531
164533
164534
164536
164537
164539
164540
164542
164543
164545
164546
164548
164596
164598
164599
164601
164602
164604
164605
164607
164608
164610
164611
164613
164614
164659
164661
164662
164664
164665
164667
164668
164670
164671
164704
164706
164708
165128
165129
165130
165137
165138
165139
165140
165141
165142
165143
165151
165152
165153
165154
165160
165161
165167
165168
165174
165175
165181
165182
165187
165188
165189
165190
165195
165196
165197
165198
165199
165200
165201
165210
165211
165212
165416
165417
165434
165435
165518
165519
165536
165537
165620
165621
165638
165639
165722
165723
165740
165741
165824
165825
165842
165843
165926
165927
165944
165945
166028
166029
166046
166047
166130
166131
166148
166149
166232
166233
166250
166251
166334
166335
166352
166353
166436
166437
166454
166455
166538
166539
166556
166557
166640
166641
166658
166659
166742
166743
166760
166761
166844
166845
166862
166863
166946
166947
166964
166965
167048
167049
167066
167067
167150
167151
167168
167169
167252
167253
167270
167271
167354
167355
167372
167373
167456
167457
167474
167475
167558
167559
167576
167577
167660
167661
167678
167679
167762
167763
167780
167781
167864
167865
167882
167883
167966
167967
167984
167985
168068
168069
168086
168087
168170
168171
168188
168189
168272
168273
168290
168291
168374
168375
168392
168393
168476
168477
168494
168495
169204
169205
169221
169222
169223
169224
169256
169257
169258
169259
169260
169261
169490
169491
169507
169508
169509
169510
169542
169543
169544
169545
169546
169547
169776
169777
169793
169794
169795
169796
169828
169829
169830
169831
169832
169833
170062
170063
170079
170080
170081
170082
170114
170115
170116
170117
170118
170119
170348
170349
170365
170366
170367
170368
170400
170401
170402
170403
170404
170405
170634
170635
170651
170652
170653
170654
170686
170687
170688
170689
170690
170691
170920
170921
170937
170938
170939
170940
170972
170973
170974
170975
170976
170977
171206
171207
171223
171224
171225
171226
171258
171259
171260
171261
171262
171263
171492
171493
171509
171510
171511
171512
171544
171545
171546
171547
171548
171549
171778
171779
171795
171796
171797
171798
171830
171831
171832
171833
171834
171835
172064
172065
172081
172082
172083
172084
172116
172117
172118
172119
172120
172121
172350
172351
172367
172368
172369
172370
172402
172403
172404
172405
172406
172407
172636
172637
172653
172654
172655
172656
172688
172689
172690
172691
172692
172693
172922
172923
172939
172940
172941
172942
172974
172975
172976
172977
172978
172979
173208
173209
173225
173226
173227
173228
173260
173261
173262
173263
173264
173265
173494
173495
173511
173512
173513
173514
173546
173547
173548
173549
173550
173551
173780
173781
173797
173798
173799
173800
173832
173833
173834
173835
173836
173837
174066
174067
174083
174084
174085
174086
174118
174119
174120
174121
174122
174123
174352
174353
174369
174370
174371
174372
174404
174405
174406
174407
174408
174409
174638
174639
174655
174656
174657
174658
174690
174691
174692
174693
174694
174695
174924
174925
174941
174942
174943
174944
174976
174977
174978
174979
174980
174981
175210
175211
175227
175228
175229
175230
175262
175263
175264
175265
175266
175267
175496
175497
175513
175514
175515
175516
175548
175549
175550
175551
175552
175553
175782
175783
175799
175800
175801
175802
175834
175835
175836
175837
175838
175839
176068
176069
176085
176086
176087
176088
176120
176121
176122
176123
176124
176125
176354
176355
176371
176372
176373
176374
176406
176407
176408
176409
176410
176411
176640
176641
176657
176658
176659
176660
176692
176693
176694
176695
176696
176697
176926
176927
176943
176944
176945
176946
176978
176979
176980
176981
176982
176983
177212
177213
177229
177230
177231
177232
177264
177265
177266
177267
177268
177269
177498
177499
177515
177516
177517
177518
177550
177551
177552
177553
177554
177555
177784
177785
177801
177802
177803
177804
177836
177837
177838
177839
177840
177841
180187
180188
180189
180190
180191
180192
180233
180234
180242
180243
180244
180245
180483
180484
180485
180486
180487
180488
180529
180530
180538
180539
180540
180541
180779
180780
180781
180782
180783
180784
180825
180826
180834
180835
180836
180837
181075
181076
181077
181078
181079
181080
181121
181122
181130
181131
181132
181133
181371
181372
181373
181374
181375
181376
181417
181418
181426
181427
181428
181429
181667
181668
181669
181670
181671
181672
181713
181714
181722
181723
181724
181725
181963
181964
181965
181966
181967
181968
182009
182010
182018
182019
182020
182021
182259
182260
182261
182262
182263
182264
182305
182306
182314
182315
182316
182317
182555
182556
182557
182558
182559
182560
182601
182602
182610
182611
182612
182613
182851
182852
182853
182854
182855
182856
182897
182898
182906
182907
182908
182909
183147
183148
183149
183150
183151
183152
183193
183194
183202
183203
183204
183205
183443
183444
183445
183446
183447
183448
183489
183490
183498
183499
183500
183501
183739
183740
183741
183742
183743
183744
183785
183786
183794
183795
183796
183797
184035
184036
184037
184038
184039
184040
184081
184082
184090
184091
184092
184093
184331
184332
184333
184334
184335
184336
184377
184378
184386
184387
184388
184389
184627
184628
184629
184630
184631
184632
184673
184674
184682
184683
184684
184685
184923
184924
184925
184926
184927
184928
184969
184970
184978
184979
184980
184981
185219
185220
185221
185222
185223
185224
185265
185266
185274
185275
185276
185277
185515
185516
185517
185518
185519
185520
185561
185562
185570
185571
185572
185573
185811
185812
185813
185814
185815
185816
185857
185858
185866
185867
185868
185869
186107
186108
186109
186110
186111
186112
186153
186154
186162
186163
186164
186165
186403
186404
186405
186406
186407
186408
186449
186450
186458
186459
186460
186461
186699
186700
186701
186702
186703
186704
186745
186746
186754
186755
186756
186757
186995
186996
186997
186998
186999
187000
187041
187042
187050
187051
187052
187053
187291
187292
187293
187294
187295
187296
187337
187338
187346
187347
187348
187349
187587
187588
187589
187590
187591
187592
187633
187634
187642
187643
187644
187645
187883
187884
187885
187886
187887
187888
187929
187930
187938
187939
187940
187941
188179
188180
188181
188182
188183
188184
188225
188226
188234
188235
188236
188237
188475
188476
188477
188478
188479
188480
188521
188522
188530
188531
188532
188533
188771
188772
188773
188774
188775
188776
188817
188818
188826
188827
188828
188829
189067
189068
189069
189070
189107
189108
189116
189117
191194
191195
191198
191199
)


// ************************************************************************* //
