/*--------------------------------*- C++ -*----------------------------------*\
| =========                 |                                                 |
| \\      /  F ield         | OpenFOAM: The Open Source CFD Toolbox           |
|  \\    /   O peration     | Version:  2606                                  |
|   \\  /    A nd           | Website:  www.openfoam.com                      |
|    \\/     M anipulation  |                                                 |
\*---------------------------------------------------------------------------*/
FoamFile
{
    version     2.0;
    format      ascii;
    arch        "LSB;label=32;scalar=64";
    class       labelList;
    location    "constant/cell5/polyMesh";
    object      cellRegionAddressing;
}
// * * * * * * * * * * * * * * * * * * * * * * * * * * * * * * * * * * * * * //


9262
(
1134
1135
1136
1222
1223
1224
1225
1226
1227
1311
1312
1313
1314
1315
1316
1317
1318
1401
1402
1403
1404
1405
1406
1407
1408
1409
1491
1492
1493
1494
1495
1496
1497
1498
1499
1581
1582
1583
1584
1585
1586
1587
1588
1589
1671
1672
1673
1674
1675
1676
1677
1678
1762
1763
1764
1765
1766
1767
1768
1853
1854
1855
1856
1857
3204
3205
3206
3292
3293
3294
3295
3296
3297
3381
3382
3383
3384
3385
3386
3387
3388
3471
3472
3473
3474
3475
3476
3477
3478
3479
3561
3562
3563
3564
3565
3566
3567
3568
3569
3651
3652
3653
3654
3655
3656
3657
3658
3659
3741
3742
3743
3744
3745
3746
3747
3748
3832
3833
3834
3835
3836
3837
3838
3923
3924
3925
3926
3927
5274
5275
5276
5362
5363
5364
5365
5366
5367
5451
5452
5453
5454
5455
5456
5457
5458
5541
5542
5543
5544
5545
5546
5547
5548
5549
5631
5632
5633
5634
5635
5636
5637
5638
5639
5721
5722
5723
5724
5725
5726
5727
5728
5729
5811
5812
5813
5814
5815
5816
5817
5818
5902
5903
5904
5905
5906
5907
5908
5993
5994
5995
5996
5997
7344
7345
7346
7432
7433
7434
7435
7436
7437
7521
7522
7523
7524
7525
7526
7527
7528
7611
7612
7613
7614
7615
7616
7617
7618
7619
7701
7702
7703
7704
7705
7706
7707
7708
7709
7791
7792
7793
7794
7795
7796
7797
7798
7799
7881
7882
7883
7884
7885
7886
7887
7888
7972
7973
7974
7975
7976
7977
7978
8063
8064
8065
8066
8067
9414
9415
9416
9502
9503
9504
9505
9506
9507
9591
9592
9593
9594
9595
9596
9597
9598
9681
9682
9683
9684
9685
9686
9687
9688
9689
9771
9772
9773
9774
9775
9776
9777
9778
9779
9861
9862
9863
9864
9865
9866
9867
9868
9869
9951
9952
9953
9954
9955
9956
9957
9958
10042
10043
10044
10045
10046
10047
10048
10133
10134
10135
10136
10137
11484
11485
11486
11572
11573
11574
11575
11576
11577
11661
11662
11663
11664
11665
11666
11667
11668
11751
11752
11753
11754
11755
11756
11757
11758
11759
11841
11842
11843
11844
11845
11846
11847
11848
11849
11931
11932
11933
11934
11935
11936
11937
11938
11939
12021
12022
12023
12024
12025
12026
12027
12028
12112
12113
12114
12115
12116
12117
12118
12203
12204
12205
12206
12207
13554
13555
13556
13642
13643
13644
13645
13646
13647
13731
13732
13733
13734
13735
13736
13737
13738
13821
13822
13823
13824
13825
13826
13827
13828
13829
13911
13912
13913
13914
13915
13916
13917
13918
13919
14001
14002
14003
14004
14005
14006
14007
14008
14009
14091
14092
14093
14094
14095
14096
14097
14098
14182
14183
14184
14185
14186
14187
14188
14273
14274
14275
14276
14277
15624
15625
15626
15712
15713
15714
15715
15716
15717
15801
15802
15803
15804
15805
15806
15807
15808
15891
15892
15893
15894
15895
15896
15897
15898
15899
15981
15982
15983
15984
15985
15986
15987
15988
15989
16071
16072
16073
16074
16075
16076
16077
16078
16079
16161
16162
16163
16164
16165
16166
16167
16168
16252
16253
16254
16255
16256
16257
16258
16343
16344
16345
16346
16347
17694
17695
17696
17782
17783
17784
17785
17786
17787
17871
17872
17873
17874
17875
17876
17877
17878
17961
17962
17963
17964
17965
17966
17967
17968
17969
18051
18052
18053
18054
18055
18056
18057
18058
18059
18141
18142
18143
18144
18145
18146
18147
18148
18149
18231
18232
18233
18234
18235
18236
18237
18238
18322
18323
18324
18325
18326
18327
18328
18413
18414
18415
18416
18417
19764
19765
19766
19852
19853
19854
19855
19856
19857
19941
19942
19943
19944
19945
19946
19947
19948
20031
20032
20033
20034
20035
20036
20037
20038
20039
20121
20122
20123
20124
20125
20126
20127
20128
20129
20211
20212
20213
20214
20215
20216
20217
20218
20219
20301
20302
20303
20304
20305
20306
20307
20308
20392
20393
20394
20395
20396
20397
20398
20483
20484
20485
20486
20487
21834
21835
21836
21922
21923
21924
21925
21926
21927
22011
22012
22013
22014
22015
22016
22017
22018
22101
22102
22103
22104
22105
22106
22107
22108
22109
22191
22192
22193
22194
22195
22196
22197
22198
22199
22281
22282
22283
22284
22285
22286
22287
22288
22289
22371
22372
22373
22374
22375
22376
22377
22378
22462
22463
22464
22465
22466
22467
22468
22553
22554
22555
22556
22557
23904
23905
23906
23992
23993
23994
23995
23996
23997
24081
24082
24083
24084
24085
24086
24087
24088
24171
24172
24173
24174
24175
24176
24177
24178
24179
24261
24262
24263
24264
24265
24266
24267
24268
24269
24351
24352
24353
24354
24355
24356
24357
24358
24359
24441
24442
24443
24444
24445
24446
24447
24448
24532
24533
24534
24535
24536
24537
24538
24623
24624
24625
24626
24627
25974
25975
25976
26062
26063
26064
26065
26066
26067
26151
26152
26153
26154
26155
26156
26157
26158
26241
26242
26243
26244
26245
26246
26247
26248
26249
26331
26332
26333
26334
26335
26336
26337
26338
26339
26421
26422
26423
26424
26425
26426
26427
26428
26429
26511
26512
26513
26514
26515
26516
26517
26518
26602
26603
26604
26605
26606
26607
26608
26693
26694
26695
26696
26697
28044
28045
28046
28132
28133
28134
28135
28136
28137
28221
28222
28223
28224
28225
28226
28227
28228
28311
28312
28313
28314
28315
28316
28317
28318
28319
28401
28402
28403
28404
28405
28406
28407
28408
28409
28491
28492
28493
28494
28495
28496
28497
28498
28499
28581
28582
28583
28584
28585
28586
28587
28588
28672
28673
28674
28675
28676
28677
28678
28763
28764
28765
28766
28767
30114
30115
30116
30202
30203
30204
30205
30206
30207
30291
30292
30293
30294
30295
30296
30297
30298
30381
30382
30383
30384
30385
30386
30387
30388
30389
30471
30472
30473
30474
30475
30476
30477
30478
30479
30561
30562
30563
30564
30565
30566
30567
30568
30569
30651
30652
30653
30654
30655
30656
30657
30658
30742
30743
30744
30745
30746
30747
30748
30833
30834
30835
30836
30837
32184
32185
32186
32272
32273
32274
32275
32276
32277
32361
32362
32363
32364
32365
32366
32367
32368
32451
32452
32453
32454
32455
32456
32457
32458
32459
32541
32542
32543
32544
32545
32546
32547
32548
32549
32631
32632
32633
32634
32635
32636
32637
32638
32639
32721
32722
32723
32724
32725
32726
32727
32728
32812
32813
32814
32815
32816
32817
32818
32903
32904
32905
32906
32907
34254
34255
34256
34342
34343
34344
34345
34346
34347
34431
34432
34433
34434
34435
34436
34437
34438
34521
34522
34523
34524
34525
34526
34527
34528
34529
34611
34612
34613
34614
34615
34616
34617
34618
34619
34701
34702
34703
34704
34705
34706
34707
34708
34709
34791
34792
34793
34794
34795
34796
34797
34798
34882
34883
34884
34885
34886
34887
34888
34973
34974
34975
34976
34977
36324
36325
36326
36412
36413
36414
36415
36416
36417
36501
36502
36503
36504
36505
36506
36507
36508
36591
36592
36593
36594
36595
36596
36597
36598
36599
36681
36682
36683
36684
36685
36686
36687
36688
36689
36771
36772
36773
36774
36775
36776
36777
36778
36779
36861
36862
36863
36864
36865
36866
36867
36868
36952
36953
36954
36955
36956
36957
36958
37043
37044
37045
37046
37047
38394
38395
38396
38482
38483
38484
38485
38486
38487
38571
38572
38573
38574
38575
38576
38577
38578
38661
38662
38663
38664
38665
38666
38667
38668
38669
38751
38752
38753
38754
38755
38756
38757
38758
38759
38841
38842
38843
38844
38845
38846
38847
38848
38849
38931
38932
38933
38934
38935
38936
38937
38938
39022
39023
39024
39025
39026
39027
39028
39113
39114
39115
39116
39117
40464
40465
40466
40552
40553
40554
40555
40556
40557
40641
40642
40643
40644
40645
40646
40647
40648
40731
40732
40733
40734
40735
40736
40737
40738
40739
40821
40822
40823
40824
40825
40826
40827
40828
40829
40911
40912
40913
40914
40915
40916
40917
40918
40919
41001
41002
41003
41004
41005
41006
41007
41008
41092
41093
41094
41095
41096
41097
41098
41183
41184
41185
41186
41187
42534
42535
42536
42622
42623
42624
42625
42626
42627
42711
42712
42713
42714
42715
42716
42717
42718
42801
42802
42803
42804
42805
42806
42807
42808
42809
42891
42892
42893
42894
42895
42896
42897
42898
42899
42981
42982
42983
42984
42985
42986
42987
42988
42989
43071
43072
43073
43074
43075
43076
43077
43078
43162
43163
43164
43165
43166
43167
43168
43253
43254
43255
43256
43257
44604
44605
44606
44692
44693
44694
44695
44696
44697
44781
44782
44783
44784
44785
44786
44787
44788
44871
44872
44873
44874
44875
44876
44877
44878
44879
44961
44962
44963
44964
44965
44966
44967
44968
44969
45051
45052
45053
45054
45055
45056
45057
45058
45059
45141
45142
45143
45144
45145
45146
45147
45148
45232
45233
45234
45235
45236
45237
45238
45323
45324
45325
45326
45327
46674
46675
46676
46762
46763
46764
46765
46766
46767
46851
46852
46853
46854
46855
46856
46857
46858
46941
46942
46943
46944
46945
46946
46947
46948
46949
47031
47032
47033
47034
47035
47036
47037
47038
47039
47121
47122
47123
47124
47125
47126
47127
47128
47129
47211
47212
47213
47214
47215
47216
47217
47218
47302
47303
47304
47305
47306
47307
47308
47393
47394
47395
47396
47397
48744
48745
48746
48832
48833
48834
48835
48836
48837
48921
48922
48923
48924
48925
48926
48927
48928
49011
49012
49013
49014
49015
49016
49017
49018
49019
49101
49102
49103
49104
49105
49106
49107
49108
49109
49191
49192
49193
49194
49195
49196
49197
49198
49199
49281
49282
49283
49284
49285
49286
49287
49288
49372
49373
49374
49375
49376
49377
49378
49463
49464
49465
49466
49467
50814
50815
50816
50902
50903
50904
50905
50906
50907
50991
50992
50993
50994
50995
50996
50997
50998
51081
51082
51083
51084
51085
51086
51087
51088
51089
51171
51172
51173
51174
51175
51176
51177
51178
51179
51261
51262
51263
51264
51265
51266
51267
51268
51269
51351
51352
51353
51354
51355
51356
51357
51358
51442
51443
51444
51445
51446
51447
51448
51533
51534
51535
51536
51537
52884
52885
52886
52972
52973
52974
52975
52976
52977
53061
53062
53063
53064
53065
53066
53067
53068
53151
53152
53153
53154
53155
53156
53157
53158
53159
53241
53242
53243
53244
53245
53246
53247
53248
53249
53331
53332
53333
53334
53335
53336
53337
53338
53339
53421
53422
53423
53424
53425
53426
53427
53428
53512
53513
53514
53515
53516
53517
53518
53603
53604
53605
53606
53607
54954
54955
54956
55042
55043
55044
55045
55046
55047
55131
55132
55133
55134
55135
55136
55137
55138
55221
55222
55223
55224
55225
55226
55227
55228
55229
55311
55312
55313
55314
55315
55316
55317
55318
55319
55401
55402
55403
55404
55405
55406
55407
55408
55409
55491
55492
55493
55494
55495
55496
55497
55498
55582
55583
55584
55585
55586
55587
55588
55673
55674
55675
55676
55677
57024
57025
57026
57112
57113
57114
57115
57116
57117
57201
57202
57203
57204
57205
57206
57207
57208
57291
57292
57293
57294
57295
57296
57297
57298
57299
57381
57382
57383
57384
57385
57386
57387
57388
57389
57471
57472
57473
57474
57475
57476
57477
57478
57479
57561
57562
57563
57564
57565
57566
57567
57568
57652
57653
57654
57655
57656
57657
57658
57743
57744
57745
57746
57747
59094
59095
59096
59182
59183
59184
59185
59186
59187
59271
59272
59273
59274
59275
59276
59277
59278
59361
59362
59363
59364
59365
59366
59367
59368
59369
59451
59452
59453
59454
59455
59456
59457
59458
59459
59541
59542
59543
59544
59545
59546
59547
59548
59549
59631
59632
59633
59634
59635
59636
59637
59638
59722
59723
59724
59725
59726
59727
59728
59813
59814
59815
59816
59817
61164
61165
61166
61252
61253
61254
61255
61256
61257
61341
61342
61343
61344
61345
61346
61347
61348
61431
61432
61433
61434
61435
61436
61437
61438
61439
61521
61522
61523
61524
61525
61526
61527
61528
61529
61611
61612
61613
61614
61615
61616
61617
61618
61619
61701
61702
61703
61704
61705
61706
61707
61708
61792
61793
61794
61795
61796
61797
61798
61883
61884
61885
61886
61887
63234
63235
63236
63322
63323
63324
63325
63326
63327
63411
63412
63413
63414
63415
63416
63417
63418
63501
63502
63503
63504
63505
63506
63507
63508
63509
63591
63592
63593
63594
63595
63596
63597
63598
63599
63681
63682
63683
63684
63685
63686
63687
63688
63689
63771
63772
63773
63774
63775
63776
63777
63778
63862
63863
63864
63865
63866
63867
63868
63953
63954
63955
63956
63957
65304
65305
65306
65392
65393
65394
65395
65396
65397
65481
65482
65483
65484
65485
65486
65487
65488
65571
65572
65573
65574
65575
65576
65577
65578
65579
65661
65662
65663
65664
65665
65666
65667
65668
65669
65751
65752
65753
65754
65755
65756
65757
65758
65759
65841
65842
65843
65844
65845
65846
65847
65848
65932
65933
65934
65935
65936
65937
65938
66023
66024
66025
66026
66027
67374
67375
67376
67462
67463
67464
67465
67466
67467
67551
67552
67553
67554
67555
67556
67557
67558
67641
67642
67643
67644
67645
67646
67647
67648
67649
67731
67732
67733
67734
67735
67736
67737
67738
67739
67821
67822
67823
67824
67825
67826
67827
67828
67829
67911
67912
67913
67914
67915
67916
67917
67918
68002
68003
68004
68005
68006
68007
68008
68093
68094
68095
68096
68097
75334
75339
75340
75341
75346
75347
75348
75353
75354
75355
75361
75362
75368
75432
75437
75438
75439
75444
75445
75446
75452
75521
75522
75523
75528
75529
75530
75570
75572
75578
75612
75614
75620
75654
75656
75662
75731
75732
75733
75738
75739
75740
75808
75815
75816
75817
75822
75823
75824
75920
75927
75929
75934
75935
75936
75941
75942
75943
75948
75949
77084
77088
77089
77090
77091
77093
77094
77095
77096
77097
77098
77099
77100
77101
77102
77103
77104
77105
77106
77107
77108
77109
77111
77112
77113
77115
77116
77118
77122
77182
77186
77187
77188
77189
77190
77191
77192
77193
77194
77195
77196
77197
77198
77199
77200
77202
77206
77271
77272
77273
77274
77275
77276
77277
77278
77279
77280
77281
77282
77283
77284
77348
77350
77352
77354
77355
77356
77357
77358
77359
77360
77361
77362
77363
77364
77365
77366
77367
77368
77370
77372
77374
77432
77434
77436
77438
77439
77440
77441
77442
77443
77444
77445
77446
77447
77448
77449
77450
77451
77452
77454
77456
77458
77516
77518
77520
77522
77523
77524
77525
77526
77527
77528
77529
77530
77531
77532
77533
77534
77535
77536
77538
77540
77542
77607
77608
77609
77610
77611
77612
77613
77614
77615
77616
77617
77618
77619
77620
77684
77688
77691
77692
77693
77694
77695
77696
77697
77698
77699
77700
77701
77702
77703
77704
77708
77796
77800
77803
77805
77806
77807
77809
77810
77811
77812
77813
77814
77815
77816
77817
77818
77819
77820
77821
77822
77823
77824
77825
77827
77828
77829
77834
79016
79020
79021
79022
79023
79025
79026
79027
79028
79029
79030
79031
79032
79033
79034
79035
79036
79037
79038
79039
79040
79041
79043
79044
79045
79047
79048
79050
79054
79114
79118
79119
79120
79121
79122
79123
79124
79125
79126
79127
79128
79129
79130
79131
79132
79134
79138
79203
79204
79205
79206
79207
79208
79209
79210
79211
79212
79213
79214
79215
79216
79280
79282
79284
79286
79287
79288
79289
79290
79291
79292
79293
79294
79295
79296
79297
79298
79299
79300
79302
79304
79306
79364
79366
79368
79370
79371
79372
79373
79374
79375
79376
79377
79378
79379
79380
79381
79382
79383
79384
79386
79388
79390
79448
79450
79452
79454
79455
79456
79457
79458
79459
79460
79461
79462
79463
79464
79465
79466
79467
79468
79470
79472
79474
79539
79540
79541
79542
79543
79544
79545
79546
79547
79548
79549
79550
79551
79552
79616
79620
79623
79624
79625
79626
79627
79628
79629
79630
79631
79632
79633
79634
79635
79636
79640
79728
79732
79735
79737
79738
79739
79741
79742
79743
79744
79745
79746
79747
79748
79749
79750
79751
79752
79753
79754
79755
79756
79757
79759
79760
79761
79766
80948
80952
80953
80954
80955
80957
80958
80959
80960
80961
80962
80963
80964
80965
80966
80967
80968
80969
80970
80971
80972
80973
80975
80976
80977
80979
80980
80982
80986
81046
81050
81051
81052
81053
81054
81055
81056
81057
81058
81059
81060
81061
81062
81063
81064
81066
81070
81135
81136
81137
81138
81139
81140
81141
81142
81143
81144
81145
81146
81147
81148
81212
81214
81216
81218
81219
81220
81221
81222
81223
81224
81225
81226
81227
81228
81229
81230
81231
81232
81234
81236
81238
81296
81298
81300
81302
81303
81304
81305
81306
81307
81308
81309
81310
81311
81312
81313
81314
81315
81316
81318
81320
81322
81380
81382
81384
81386
81387
81388
81389
81390
81391
81392
81393
81394
81395
81396
81397
81398
81399
81400
81402
81404
81406
81471
81472
81473
81474
81475
81476
81477
81478
81479
81480
81481
81482
81483
81484
81548
81552
81555
81556
81557
81558
81559
81560
81561
81562
81563
81564
81565
81566
81567
81568
81572
81660
81664
81667
81669
81670
81671
81673
81674
81675
81676
81677
81678
81679
81680
81681
81682
81683
81684
81685
81686
81687
81688
81689
81691
81692
81693
81698
82880
82884
82885
82886
82887
82889
82890
82891
82892
82893
82894
82895
82896
82897
82898
82899
82900
82901
82902
82903
82904
82905
82907
82908
82909
82911
82912
82914
82918
82978
82982
82983
82984
82985
82986
82987
82988
82989
82990
82991
82992
82993
82994
82995
82996
82998
83002
83067
83068
83069
83070
83071
83072
83073
83074
83075
83076
83077
83078
83079
83080
83144
83146
83148
83150
83151
83152
83153
83154
83155
83156
83157
83158
83159
83160
83161
83162
83163
83164
83166
83168
83170
83228
83230
83232
83234
83235
83236
83237
83238
83239
83240
83241
83242
83243
83244
83245
83246
83247
83248
83250
83252
83254
83312
83314
83316
83318
83319
83320
83321
83322
83323
83324
83325
83326
83327
83328
83329
83330
83331
83332
83334
83336
83338
83403
83404
83405
83406
83407
83408
83409
83410
83411
83412
83413
83414
83415
83416
83480
83484
83487
83488
83489
83490
83491
83492
83493
83494
83495
83496
83497
83498
83499
83500
83504
83592
83596
83599
83601
83602
83603
83605
83606
83607
83608
83609
83610
83611
83612
83613
83614
83615
83616
83617
83618
83619
83620
83621
83623
83624
83625
83630
84812
84816
84817
84818
84819
84821
84822
84823
84824
84825
84826
84827
84828
84829
84830
84831
84832
84833
84834
84835
84836
84837
84839
84840
84841
84843
84844
84846
84850
84910
84914
84915
84916
84917
84918
84919
84920
84921
84922
84923
84924
84925
84926
84927
84928
84930
84934
84999
85000
85001
85002
85003
85004
85005
85006
85007
85008
85009
85010
85011
85012
85076
85078
85080
85082
85083
85084
85085
85086
85087
85088
85089
85090
85091
85092
85093
85094
85095
85096
85098
85100
85102
85160
85162
85164
85166
85167
85168
85169
85170
85171
85172
85173
85174
85175
85176
85177
85178
85179
85180
85182
85184
85186
85244
85246
85248
85250
85251
85252
85253
85254
85255
85256
85257
85258
85259
85260
85261
85262
85263
85264
85266
85268
85270
85335
85336
85337
85338
85339
85340
85341
85342
85343
85344
85345
85346
85347
85348
85412
85416
85419
85420
85421
85422
85423
85424
85425
85426
85427
85428
85429
85430
85431
85432
85436
85524
85528
85531
85533
85534
85535
85537
85538
85539
85540
85541
85542
85543
85544
85545
85546
85547
85548
85549
85550
85551
85552
85553
85555
85556
85557
85562
86744
86748
86749
86750
86751
86753
86754
86755
86756
86757
86758
86759
86760
86761
86762
86763
86764
86765
86766
86767
86768
86769
86771
86772
86773
86775
86776
86778
86782
86842
86846
86847
86848
86849
86850
86851
86852
86853
86854
86855
86856
86857
86858
86859
86860
86862
86866
86931
86932
86933
86934
86935
86936
86937
86938
86939
86940
86941
86942
86943
86944
87008
87010
87012
87014
87015
87016
87017
87018
87019
87020
87021
87022
87023
87024
87025
87026
87027
87028
87030
87032
87034
87092
87094
87096
87098
87099
87100
87101
87102
87103
87104
87105
87106
87107
87108
87109
87110
87111
87112
87114
87116
87118
87176
87178
87180
87182
87183
87184
87185
87186
87187
87188
87189
87190
87191
87192
87193
87194
87195
87196
87198
87200
87202
87267
87268
87269
87270
87271
87272
87273
87274
87275
87276
87277
87278
87279
87280
87344
87348
87351
87352
87353
87354
87355
87356
87357
87358
87359
87360
87361
87362
87363
87364
87368
87456
87460
87463
87465
87466
87467
87469
87470
87471
87472
87473
87474
87475
87476
87477
87478
87479
87480
87481
87482
87483
87484
87485
87487
87488
87489
87494
88676
88680
88681
88682
88683
88685
88686
88687
88688
88689
88690
88691
88692
88693
88694
88695
88696
88697
88698
88699
88700
88701
88703
88704
88705
88707
88708
88710
88714
88774
88778
88779
88780
88781
88782
88783
88784
88785
88786
88787
88788
88789
88790
88791
88792
88794
88798
88863
88864
88865
88866
88867
88868
88869
88870
88871
88872
88873
88874
88875
88876
88940
88942
88944
88946
88947
88948
88949
88950
88951
88952
88953
88954
88955
88956
88957
88958
88959
88960
88962
88964
88966
89024
89026
89028
89030
89031
89032
89033
89034
89035
89036
89037
89038
89039
89040
89041
89042
89043
89044
89046
89048
89050
89108
89110
89112
89114
89115
89116
89117
89118
89119
89120
89121
89122
89123
89124
89125
89126
89127
89128
89130
89132
89134
89199
89200
89201
89202
89203
89204
89205
89206
89207
89208
89209
89210
89211
89212
89276
89280
89283
89284
89285
89286
89287
89288
89289
89290
89291
89292
89293
89294
89295
89296
89300
89388
89392
89395
89397
89398
89399
89401
89402
89403
89404
89405
89406
89407
89408
89409
89410
89411
89412
89413
89414
89415
89416
89417
89419
89420
89421
89426
90608
90612
90613
90614
90615
90617
90618
90619
90620
90621
90622
90623
90624
90625
90626
90627
90628
90629
90630
90631
90632
90633
90635
90636
90637
90639
90640
90642
90646
90706
90710
90711
90712
90713
90714
90715
90716
90717
90718
90719
90720
90721
90722
90723
90724
90726
90730
90795
90796
90797
90798
90799
90800
90801
90802
90803
90804
90805
90806
90807
90808
90872
90874
90876
90878
90879
90880
90881
90882
90883
90884
90885
90886
90887
90888
90889
90890
90891
90892
90894
90896
90898
90956
90958
90960
90962
90963
90964
90965
90966
90967
90968
90969
90970
90971
90972
90973
90974
90975
90976
90978
90980
90982
91040
91042
91044
91046
91047
91048
91049
91050
91051
91052
91053
91054
91055
91056
91057
91058
91059
91060
91062
91064
91066
91131
91132
91133
91134
91135
91136
91137
91138
91139
91140
91141
91142
91143
91144
91208
91212
91215
91216
91217
91218
91219
91220
91221
91222
91223
91224
91225
91226
91227
91228
91232
91320
91324
91327
91329
91330
91331
91333
91334
91335
91336
91337
91338
91339
91340
91341
91342
91343
91344
91345
91346
91347
91348
91349
91351
91352
91353
91358
92540
92544
92545
92546
92547
92549
92550
92551
92552
92553
92554
92555
92556
92557
92558
92559
92560
92561
92562
92563
92564
92565
92567
92568
92569
92571
92572
92574
92578
92638
92642
92643
92644
92645
92646
92647
92648
92649
92650
92651
92652
92653
92654
92655
92656
92658
92662
92727
92728
92729
92730
92731
92732
92733
92734
92735
92736
92737
92738
92739
92740
92804
92806
92808
92810
92811
92812
92813
92814
92815
92816
92817
92818
92819
92820
92821
92822
92823
92824
92826
92828
92830
92888
92890
92892
92894
92895
92896
92897
92898
92899
92900
92901
92902
92903
92904
92905
92906
92907
92908
92910
92912
92914
92972
92974
92976
92978
92979
92980
92981
92982
92983
92984
92985
92986
92987
92988
92989
92990
92991
92992
92994
92996
92998
93063
93064
93065
93066
93067
93068
93069
93070
93071
93072
93073
93074
93075
93076
93140
93144
93147
93148
93149
93150
93151
93152
93153
93154
93155
93156
93157
93158
93159
93160
93164
93252
93256
93259
93261
93262
93263
93265
93266
93267
93268
93269
93270
93271
93272
93273
93274
93275
93276
93277
93278
93279
93280
93281
93283
93284
93285
93290
94472
94476
94477
94478
94479
94481
94482
94483
94484
94485
94486
94487
94488
94489
94490
94491
94492
94493
94494
94495
94496
94497
94499
94500
94501
94503
94504
94506
94510
94570
94574
94575
94576
94577
94578
94579
94580
94581
94582
94583
94584
94585
94586
94587
94588
94590
94594
94659
94660
94661
94662
94663
94664
94665
94666
94667
94668
94669
94670
94671
94672
94736
94738
94740
94742
94743
94744
94745
94746
94747
94748
94749
94750
94751
94752
94753
94754
94755
94756
94758
94760
94762
94820
94822
94824
94826
94827
94828
94829
94830
94831
94832
94833
94834
94835
94836
94837
94838
94839
94840
94842
94844
94846
94904
94906
94908
94910
94911
94912
94913
94914
94915
94916
94917
94918
94919
94920
94921
94922
94923
94924
94926
94928
94930
94995
94996
94997
94998
94999
95000
95001
95002
95003
95004
95005
95006
95007
95008
95072
95076
95079
95080
95081
95082
95083
95084
95085
95086
95087
95088
95089
95090
95091
95092
95096
95184
95188
95191
95193
95194
95195
95197
95198
95199
95200
95201
95202
95203
95204
95205
95206
95207
95208
95209
95210
95211
95212
95213
95215
95216
95217
95222
96404
96408
96409
96410
96411
96413
96414
96415
96416
96417
96418
96419
96420
96421
96422
96423
96424
96425
96426
96427
96428
96429
96431
96432
96433
96435
96436
96438
96442
96502
96506
96507
96508
96509
96510
96511
96512
96513
96514
96515
96516
96517
96518
96519
96520
96522
96526
96591
96592
96593
96594
96595
96596
96597
96598
96599
96600
96601
96602
96603
96604
96668
96670
96672
96674
96675
96676
96677
96678
96679
96680
96681
96682
96683
96684
96685
96686
96687
96688
96690
96692
96694
96752
96754
96756
96758
96759
96760
96761
96762
96763
96764
96765
96766
96767
96768
96769
96770
96771
96772
96774
96776
96778
96836
96838
96840
96842
96843
96844
96845
96846
96847
96848
96849
96850
96851
96852
96853
96854
96855
96856
96858
96860
96862
96927
96928
96929
96930
96931
96932
96933
96934
96935
96936
96937
96938
96939
96940
97004
97008
97011
97012
97013
97014
97015
97016
97017
97018
97019
97020
97021
97022
97023
97024
97028
97116
97120
97123
97125
97126
97127
97129
97130
97131
97132
97133
97134
97135
97136
97137
97138
97139
97140
97141
97142
97143
97144
97145
97147
97148
97149
97154
98336
98340
98341
98342
98343
98345
98346
98347
98348
98349
98350
98351
98352
98353
98354
98355
98356
98357
98358
98359
98360
98361
98363
98364
98365
98367
98368
98370
98374
98434
98438
98439
98440
98441
98442
98443
98444
98445
98446
98447
98448
98449
98450
98451
98452
98454
98458
98523
98524
98525
98526
98527
98528
98529
98530
98531
98532
98533
98534
98535
98536
98600
98602
98604
98606
98607
98608
98609
98610
98611
98612
98613
98614
98615
98616
98617
98618
98619
98620
98622
98624
98626
98684
98686
98688
98690
98691
98692
98693
98694
98695
98696
98697
98698
98699
98700
98701
98702
98703
98704
98706
98708
98710
98768
98770
98772
98774
98775
98776
98777
98778
98779
98780
98781
98782
98783
98784
98785
98786
98787
98788
98790
98792
98794
98859
98860
98861
98862
98863
98864
98865
98866
98867
98868
98869
98870
98871
98872
98936
98940
98943
98944
98945
98946
98947
98948
98949
98950
98951
98952
98953
98954
98955
98956
98960
99048
99052
99055
99057
99058
99059
99061
99062
99063
99064
99065
99066
99067
99068
99069
99070
99071
99072
99073
99074
99075
99076
99077
99079
99080
99081
99086
100268
100272
100273
100274
100275
100277
100278
100279
100280
100281
100282
100283
100284
100285
100286
100287
100288
100289
100290
100291
100292
100293
100295
100296
100297
100299
100300
100302
100306
100366
100370
100371
100372
100373
100374
100375
100376
100377
100378
100379
100380
100381
100382
100383
100384
100386
100390
100455
100456
100457
100458
100459
100460
100461
100462
100463
100464
100465
100466
100467
100468
100532
100534
100536
100538
100539
100540
100541
100542
100543
100544
100545
100546
100547
100548
100549
100550
100551
100552
100554
100556
100558
100616
100618
100620
100622
100623
100624
100625
100626
100627
100628
100629
100630
100631
100632
100633
100634
100635
100636
100638
100640
100642
100700
100702
100704
100706
100707
100708
100709
100710
100711
100712
100713
100714
100715
100716
100717
100718
100719
100720
100722
100724
100726
100791
100792
100793
100794
100795
100796
100797
100798
100799
100800
100801
100802
100803
100804
100868
100872
100875
100876
100877
100878
100879
100880
100881
100882
100883
100884
100885
100886
100887
100888
100892
100980
100984
100987
100989
100990
100991
100993
100994
100995
100996
100997
100998
100999
101000
101001
101002
101003
101004
101005
101006
101007
101008
101009
101011
101012
101013
101018
102200
102204
102205
102206
102207
102209
102210
102211
102212
102213
102214
102215
102216
102217
102218
102219
102220
102221
102222
102223
102224
102225
102227
102228
102229
102231
102232
102234
102238
102298
102302
102303
102304
102305
102306
102307
102308
102309
102310
102311
102312
102313
102314
102315
102316
102318
102322
102387
102388
102389
102390
102391
102392
102393
102394
102395
102396
102397
102398
102399
102400
102464
102466
102468
102470
102471
102472
102473
102474
102475
102476
102477
102478
102479
102480
102481
102482
102483
102484
102486
102488
102490
102548
102550
102552
102554
102555
102556
102557
102558
102559
102560
102561
102562
102563
102564
102565
102566
102567
102568
102570
102572
102574
102632
102634
102636
102638
102639
102640
102641
102642
102643
102644
102645
102646
102647
102648
102649
102650
102651
102652
102654
102656
102658
102723
102724
102725
102726
102727
102728
102729
102730
102731
102732
102733
102734
102735
102736
102800
102804
102807
102808
102809
102810
102811
102812
102813
102814
102815
102816
102817
102818
102819
102820
102824
102912
102916
102919
102921
102922
102923
102925
102926
102927
102928
102929
102930
102931
102932
102933
102934
102935
102936
102937
102938
102939
102940
102941
102943
102944
102945
102950
104132
104136
104137
104138
104139
104141
104142
104143
104144
104145
104146
104147
104148
104149
104150
104151
104152
104153
104154
104155
104156
104157
104159
104160
104161
104163
104164
104166
104170
104230
104234
104235
104236
104237
104238
104239
104240
104241
104242
104243
104244
104245
104246
104247
104248
104250
104254
104319
104320
104321
104322
104323
104324
104325
104326
104327
104328
104329
104330
104331
104332
104396
104398
104400
104402
104403
104404
104405
104406
104407
104408
104409
104410
104411
104412
104413
104414
104415
104416
104418
104420
104422
104480
104482
104484
104486
104487
104488
104489
104490
104491
104492
104493
104494
104495
104496
104497
104498
104499
104500
104502
104504
104506
104564
104566
104568
104570
104571
104572
104573
104574
104575
104576
104577
104578
104579
104580
104581
104582
104583
104584
104586
104588
104590
104655
104656
104657
104658
104659
104660
104661
104662
104663
104664
104665
104666
104667
104668
104732
104736
104739
104740
104741
104742
104743
104744
104745
104746
104747
104748
104749
104750
104751
104752
104756
104844
104848
104851
104853
104854
104855
104857
104858
104859
104860
104861
104862
104863
104864
104865
104866
104867
104868
104869
104870
104871
104872
104873
104875
104876
104877
104882
106064
106068
106069
106070
106071
106073
106074
106075
106076
106077
106078
106079
106080
106081
106082
106083
106084
106085
106086
106087
106088
106089
106091
106092
106093
106095
106096
106098
106102
106162
106166
106167
106168
106169
106170
106171
106172
106173
106174
106175
106176
106177
106178
106179
106180
106182
106186
106251
106252
106253
106254
106255
106256
106257
106258
106259
106260
106261
106262
106263
106264
106328
106330
106332
106334
106335
106336
106337
106338
106339
106340
106341
106342
106343
106344
106345
106346
106347
106348
106350
106352
106354
106412
106414
106416
106418
106419
106420
106421
106422
106423
106424
106425
106426
106427
106428
106429
106430
106431
106432
106434
106436
106438
106496
106498
106500
106502
106503
106504
106505
106506
106507
106508
106509
106510
106511
106512
106513
106514
106515
106516
106518
106520
106522
106587
106588
106589
106590
106591
106592
106593
106594
106595
106596
106597
106598
106599
106600
106664
106668
106671
106672
106673
106674
106675
106676
106677
106678
106679
106680
106681
106682
106683
106684
106688
106776
106780
106783
106785
106786
106787
106789
106790
106791
106792
106793
106794
106795
106796
106797
106798
106799
106800
106801
106802
106803
106804
106805
106807
106808
106809
106814
107996
108000
108001
108002
108003
108005
108006
108007
108008
108009
108010
108011
108012
108013
108014
108015
108016
108017
108018
108019
108020
108021
108023
108024
108025
108027
108028
108030
108034
108094
108098
108099
108100
108101
108102
108103
108104
108105
108106
108107
108108
108109
108110
108111
108112
108114
108118
108183
108184
108185
108186
108187
108188
108189
108190
108191
108192
108193
108194
108195
108196
108260
108262
108264
108266
108267
108268
108269
108270
108271
108272
108273
108274
108275
108276
108277
108278
108279
108280
108282
108284
108286
108344
108346
108348
108350
108351
108352
108353
108354
108355
108356
108357
108358
108359
108360
108361
108362
108363
108364
108366
108368
108370
108428
108430
108432
108434
108435
108436
108437
108438
108439
108440
108441
108442
108443
108444
108445
108446
108447
108448
108450
108452
108454
108519
108520
108521
108522
108523
108524
108525
108526
108527
108528
108529
108530
108531
108532
108596
108600
108603
108604
108605
108606
108607
108608
108609
108610
108611
108612
108613
108614
108615
108616
108620
108708
108712
108715
108717
108718
108719
108721
108722
108723
108724
108725
108726
108727
108728
108729
108730
108731
108732
108733
108734
108735
108736
108737
108739
108740
108741
108746
109928
109932
109933
109934
109935
109937
109938
109939
109940
109941
109942
109943
109944
109945
109946
109947
109948
109949
109950
109951
109952
109953
109955
109956
109957
109959
109960
109962
109966
110026
110030
110031
110032
110033
110034
110035
110036
110037
110038
110039
110040
110041
110042
110043
110044
110046
110050
110115
110116
110117
110118
110119
110120
110121
110122
110123
110124
110125
110126
110127
110128
110192
110194
110196
110198
110199
110200
110201
110202
110203
110204
110205
110206
110207
110208
110209
110210
110211
110212
110214
110216
110218
110276
110278
110280
110282
110283
110284
110285
110286
110287
110288
110289
110290
110291
110292
110293
110294
110295
110296
110298
110300
110302
110360
110362
110364
110366
110367
110368
110369
110370
110371
110372
110373
110374
110375
110376
110377
110378
110379
110380
110382
110384
110386
110451
110452
110453
110454
110455
110456
110457
110458
110459
110460
110461
110462
110463
110464
110528
110532
110535
110536
110537
110538
110539
110540
110541
110542
110543
110544
110545
110546
110547
110548
110552
110640
110644
110647
110649
110650
110651
110653
110654
110655
110656
110657
110658
110659
110660
110661
110662
110663
110664
110665
110666
110667
110668
110669
110671
110672
110673
110678
111860
111864
111865
111866
111867
111869
111870
111871
111872
111873
111874
111875
111876
111877
111878
111879
111880
111881
111882
111883
111884
111885
111887
111888
111889
111891
111892
111894
111898
111958
111962
111963
111964
111965
111966
111967
111968
111969
111970
111971
111972
111973
111974
111975
111976
111978
111982
112047
112048
112049
112050
112051
112052
112053
112054
112055
112056
112057
112058
112059
112060
112124
112126
112128
112130
112131
112132
112133
112134
112135
112136
112137
112138
112139
112140
112141
112142
112143
112144
112146
112148
112150
112208
112210
112212
112214
112215
112216
112217
112218
112219
112220
112221
112222
112223
112224
112225
112226
112227
112228
112230
112232
112234
112292
112294
112296
112298
112299
112300
112301
112302
112303
112304
112305
112306
112307
112308
112309
112310
112311
112312
112314
112316
112318
112383
112384
112385
112386
112387
112388
112389
112390
112391
112392
112393
112394
112395
112396
112460
112464
112467
112468
112469
112470
112471
112472
112473
112474
112475
112476
112477
112478
112479
112480
112484
112572
112576
112579
112581
112582
112583
112585
112586
112587
112588
112589
112590
112591
112592
112593
112594
112595
112596
112597
112598
112599
112600
112601
112603
112604
112605
112610
113792
113796
113797
113798
113799
113801
113802
113803
113804
113805
113806
113807
113808
113809
113810
113811
113812
113813
113814
113815
113816
113817
113819
113820
113821
113823
113824
113826
113830
113890
113894
113895
113896
113897
113898
113899
113900
113901
113902
113903
113904
113905
113906
113907
113908
113910
113914
113979
113980
113981
113982
113983
113984
113985
113986
113987
113988
113989
113990
113991
113992
114056
114058
114060
114062
114063
114064
114065
114066
114067
114068
114069
114070
114071
114072
114073
114074
114075
114076
114078
114080
114082
114140
114142
114144
114146
114147
114148
114149
114150
114151
114152
114153
114154
114155
114156
114157
114158
114159
114160
114162
114164
114166
114224
114226
114228
114230
114231
114232
114233
114234
114235
114236
114237
114238
114239
114240
114241
114242
114243
114244
114246
114248
114250
114315
114316
114317
114318
114319
114320
114321
114322
114323
114324
114325
114326
114327
114328
114392
114396
114399
114400
114401
114402
114403
114404
114405
114406
114407
114408
114409
114410
114411
114412
114416
114504
114508
114511
114513
114514
114515
114517
114518
114519
114520
114521
114522
114523
114524
114525
114526
114527
114528
114529
114530
114531
114532
114533
114535
114536
114537
114542
115724
115728
115729
115730
115731
115733
115734
115735
115736
115737
115738
115739
115740
115741
115742
115743
115744
115745
115746
115747
115748
115749
115751
115752
115753
115755
115756
115758
115762
115822
115826
115827
115828
115829
115830
115831
115832
115833
115834
115835
115836
115837
115838
115839
115840
115842
115846
115911
115912
115913
115914
115915
115916
115917
115918
115919
115920
115921
115922
115923
115924
115988
115990
115992
115994
115995
115996
115997
115998
115999
116000
116001
116002
116003
116004
116005
116006
116007
116008
116010
116012
116014
116072
116074
116076
116078
116079
116080
116081
116082
116083
116084
116085
116086
116087
116088
116089
116090
116091
116092
116094
116096
116098
116156
116158
116160
116162
116163
116164
116165
116166
116167
116168
116169
116170
116171
116172
116173
116174
116175
116176
116178
116180
116182
116247
116248
116249
116250
116251
116252
116253
116254
116255
116256
116257
116258
116259
116260
116324
116328
116331
116332
116333
116334
116335
116336
116337
116338
116339
116340
116341
116342
116343
116344
116348
116436
116440
116443
116445
116446
116447
116449
116450
116451
116452
116453
116454
116455
116456
116457
116458
116459
116460
116461
116462
116463
116464
116465
116467
116468
116469
116474
117656
117660
117661
117662
117663
117665
117666
117667
117668
117669
117670
117671
117672
117673
117674
117675
117676
117677
117678
117679
117680
117681
117683
117684
117685
117687
117688
117690
117694
117754
117758
117759
117760
117761
117762
117763
117764
117765
117766
117767
117768
117769
117770
117771
117772
117774
117778
117843
117844
117845
117846
117847
117848
117849
117850
117851
117852
117853
117854
117855
117856
117920
117922
117924
117926
117927
117928
117929
117930
117931
117932
117933
117934
117935
117936
117937
117938
117939
117940
117942
117944
117946
118004
118006
118008
118010
118011
118012
118013
118014
118015
118016
118017
118018
118019
118020
118021
118022
118023
118024
118026
118028
118030
118088
118090
118092
118094
118095
118096
118097
118098
118099
118100
118101
118102
118103
118104
118105
118106
118107
118108
118110
118112
118114
118179
118180
118181
118182
118183
118184
118185
118186
118187
118188
118189
118190
118191
118192
118256
118260
118263
118264
118265
118266
118267
118268
118269
118270
118271
118272
118273
118274
118275
118276
118280
118368
118372
118375
118377
118378
118379
118381
118382
118383
118384
118385
118386
118387
118388
118389
118390
118391
118392
118393
118394
118395
118396
118397
118399
118400
118401
118406
119588
119592
119593
119594
119595
119597
119598
119599
119600
119601
119602
119603
119604
119605
119606
119607
119608
119609
119610
119611
119612
119613
119615
119616
119617
119619
119620
119622
119626
119686
119690
119691
119692
119693
119694
119695
119696
119697
119698
119699
119700
119701
119702
119703
119704
119706
119710
119775
119776
119777
119778
119779
119780
119781
119782
119783
119784
119785
119786
119787
119788
119852
119854
119856
119858
119859
119860
119861
119862
119863
119864
119865
119866
119867
119868
119869
119870
119871
119872
119874
119876
119878
119936
119938
119940
119942
119943
119944
119945
119946
119947
119948
119949
119950
119951
119952
119953
119954
119955
119956
119958
119960
119962
120020
120022
120024
120026
120027
120028
120029
120030
120031
120032
120033
120034
120035
120036
120037
120038
120039
120040
120042
120044
120046
120111
120112
120113
120114
120115
120116
120117
120118
120119
120120
120121
120122
120123
120124
120188
120192
120195
120196
120197
120198
120199
120200
120201
120202
120203
120204
120205
120206
120207
120208
120212
120300
120304
120307
120309
120310
120311
120313
120314
120315
120316
120317
120318
120319
120320
120321
120322
120323
120324
120325
120326
120327
120328
120329
120331
120332
120333
120338
121520
121524
121525
121526
121527
121529
121530
121531
121532
121533
121534
121535
121536
121537
121538
121539
121540
121541
121542
121543
121544
121545
121547
121548
121549
121551
121552
121554
121558
121618
121622
121623
121624
121625
121626
121627
121628
121629
121630
121631
121632
121633
121634
121635
121636
121638
121642
121707
121708
121709
121710
121711
121712
121713
121714
121715
121716
121717
121718
121719
121720
121784
121786
121788
121790
121791
121792
121793
121794
121795
121796
121797
121798
121799
121800
121801
121802
121803
121804
121806
121808
121810
121868
121870
121872
121874
121875
121876
121877
121878
121879
121880
121881
121882
121883
121884
121885
121886
121887
121888
121890
121892
121894
121952
121954
121956
121958
121959
121960
121961
121962
121963
121964
121965
121966
121967
121968
121969
121970
121971
121972
121974
121976
121978
122043
122044
122045
122046
122047
122048
122049
122050
122051
122052
122053
122054
122055
122056
122120
122124
122127
122128
122129
122130
122131
122132
122133
122134
122135
122136
122137
122138
122139
122140
122144
122232
122236
122239
122241
122242
122243
122245
122246
122247
122248
122249
122250
122251
122252
122253
122254
122255
122256
122257
122258
122259
122260
122261
122263
122264
122265
122270
123452
123456
123457
123458
123459
123461
123462
123463
123464
123465
123466
123467
123468
123469
123470
123471
123472
123473
123474
123475
123476
123477
123479
123480
123481
123483
123484
123486
123490
123550
123554
123555
123556
123557
123558
123559
123560
123561
123562
123563
123564
123565
123566
123567
123568
123570
123574
123639
123640
123641
123642
123643
123644
123645
123646
123647
123648
123649
123650
123651
123652
123716
123718
123720
123722
123723
123724
123725
123726
123727
123728
123729
123730
123731
123732
123733
123734
123735
123736
123738
123740
123742
123800
123802
123804
123806
123807
123808
123809
123810
123811
123812
123813
123814
123815
123816
123817
123818
123819
123820
123822
123824
123826
123884
123886
123888
123890
123891
123892
123893
123894
123895
123896
123897
123898
123899
123900
123901
123902
123903
123904
123906
123908
123910
123975
123976
123977
123978
123979
123980
123981
123982
123983
123984
123985
123986
123987
123988
124052
124056
124059
124060
124061
124062
124063
124064
124065
124066
124067
124068
124069
124070
124071
124072
124076
124164
124168
124171
124173
124174
124175
124177
124178
124179
124180
124181
124182
124183
124184
124185
124186
124187
124188
124189
124190
124191
124192
124193
124195
124196
124197
124202
125384
125388
125389
125390
125391
125393
125394
125395
125396
125397
125398
125399
125400
125401
125402
125403
125404
125405
125406
125407
125408
125409
125411
125412
125413
125415
125416
125418
125422
125482
125486
125487
125488
125489
125490
125491
125492
125493
125494
125495
125496
125497
125498
125499
125500
125502
125506
125571
125572
125573
125574
125575
125576
125577
125578
125579
125580
125581
125582
125583
125584
125648
125650
125652
125654
125655
125656
125657
125658
125659
125660
125661
125662
125663
125664
125665
125666
125667
125668
125670
125672
125674
125732
125734
125736
125738
125739
125740
125741
125742
125743
125744
125745
125746
125747
125748
125749
125750
125751
125752
125754
125756
125758
125816
125818
125820
125822
125823
125824
125825
125826
125827
125828
125829
125830
125831
125832
125833
125834
125835
125836
125838
125840
125842
125907
125908
125909
125910
125911
125912
125913
125914
125915
125916
125917
125918
125919
125920
125984
125988
125991
125992
125993
125994
125995
125996
125997
125998
125999
126000
126001
126002
126003
126004
126008
126096
126100
126103
126105
126106
126107
126109
126110
126111
126112
126113
126114
126115
126116
126117
126118
126119
126120
126121
126122
126123
126124
126125
126127
126128
126129
126134
127316
127320
127321
127322
127323
127325
127326
127327
127328
127329
127330
127331
127332
127333
127334
127335
127336
127337
127338
127339
127340
127341
127343
127344
127345
127347
127348
127350
127354
127414
127418
127419
127420
127421
127422
127423
127424
127425
127426
127427
127428
127429
127430
127431
127432
127434
127438
127503
127504
127505
127506
127507
127508
127509
127510
127511
127512
127513
127514
127515
127516
127580
127582
127584
127586
127587
127588
127589
127590
127591
127592
127593
127594
127595
127596
127597
127598
127599
127600
127602
127604
127606
127664
127666
127668
127670
127671
127672
127673
127674
127675
127676
127677
127678
127679
127680
127681
127682
127683
127684
127686
127688
127690
127748
127750
127752
127754
127755
127756
127757
127758
127759
127760
127761
127762
127763
127764
127765
127766
127767
127768
127770
127772
127774
127839
127840
127841
127842
127843
127844
127845
127846
127847
127848
127849
127850
127851
127852
127916
127920
127923
127924
127925
127926
127927
127928
127929
127930
127931
127932
127933
127934
127935
127936
127940
128028
128032
128035
128037
128038
128039
128041
128042
128043
128044
128045
128046
128047
128048
128049
128050
128051
128052
128053
128054
128055
128056
128057
128059
128060
128061
128066
129248
129252
129253
129254
129255
129257
129258
129259
129260
129261
129262
129263
129264
129265
129266
129267
129268
129269
129270
129271
129272
129273
129275
129276
129277
129279
129280
129282
129286
129346
129350
129351
129352
129353
129354
129355
129356
129357
129358
129359
129360
129361
129362
129363
129364
129366
129370
129435
129436
129437
129438
129439
129440
129441
129442
129443
129444
129445
129446
129447
129448
129512
129514
129516
129518
129519
129520
129521
129522
129523
129524
129525
129526
129527
129528
129529
129530
129531
129532
129534
129536
129538
129596
129598
129600
129602
129603
129604
129605
129606
129607
129608
129609
129610
129611
129612
129613
129614
129615
129616
129618
129620
129622
129680
129682
129684
129686
129687
129688
129689
129690
129691
129692
129693
129694
129695
129696
129697
129698
129699
129700
129702
129704
129706
129771
129772
129773
129774
129775
129776
129777
129778
129779
129780
129781
129782
129783
129784
129848
129852
129855
129856
129857
129858
129859
129860
129861
129862
129863
129864
129865
129866
129867
129868
129872
129960
129964
129967
129969
129970
129971
129973
129974
129975
129976
129977
129978
129979
129980
129981
129982
129983
129984
129985
129986
129987
129988
129989
129991
129992
129993
129998
131180
131184
131185
131186
131187
131189
131190
131191
131192
131193
131194
131195
131196
131197
131198
131199
131200
131201
131202
131203
131204
131205
131207
131208
131209
131211
131212
131214
131218
131278
131282
131283
131284
131285
131286
131287
131288
131289
131290
131291
131292
131293
131294
131295
131296
131298
131302
131367
131368
131369
131370
131371
131372
131373
131374
131375
131376
131377
131378
131379
131380
131444
131446
131448
131450
131451
131452
131453
131454
131455
131456
131457
131458
131459
131460
131461
131462
131463
131464
131466
131468
131470
131528
131530
131532
131534
131535
131536
131537
131538
131539
131540
131541
131542
131543
131544
131545
131546
131547
131548
131550
131552
131554
131612
131614
131616
131618
131619
131620
131621
131622
131623
131624
131625
131626
131627
131628
131629
131630
131631
131632
131634
131636
131638
131703
131704
131705
131706
131707
131708
131709
131710
131711
131712
131713
131714
131715
131716
131780
131784
131787
131788
131789
131790
131791
131792
131793
131794
131795
131796
131797
131798
131799
131800
131804
131892
131896
131899
131901
131902
131903
131905
131906
131907
131908
131909
131910
131911
131912
131913
131914
131915
131916
131917
131918
131919
131920
131921
131923
131924
131925
131930
133112
133116
133117
133118
133119
133121
133122
133123
133124
133125
133126
133127
133128
133129
133130
133131
133132
133133
133134
133135
133136
133137
133139
133140
133141
133143
133144
133146
133150
133210
133214
133215
133216
133217
133218
133219
133220
133221
133222
133223
133224
133225
133226
133227
133228
133230
133234
133299
133300
133301
133302
133303
133304
133305
133306
133307
133308
133309
133310
133311
133312
133376
133378
133380
133382
133383
133384
133385
133386
133387
133388
133389
133390
133391
133392
133393
133394
133395
133396
133398
133400
133402
133460
133462
133464
133466
133467
133468
133469
133470
133471
133472
133473
133474
133475
133476
133477
133478
133479
133480
133482
133484
133486
133544
133546
133548
133550
133551
133552
133553
133554
133555
133556
133557
133558
133559
133560
133561
133562
133563
133564
133566
133568
133570
133635
133636
133637
133638
133639
133640
133641
133642
133643
133644
133645
133646
133647
133648
133712
133716
133719
133720
133721
133722
133723
133724
133725
133726
133727
133728
133729
133730
133731
133732
133736
133824
133828
133831
133833
133834
133835
133837
133838
133839
133840
133841
133842
133843
133844
133845
133846
133847
133848
133849
133850
133851
133852
133853
133855
133856
133857
133862
135044
135048
135049
135050
135051
135053
135054
135055
135056
135057
135058
135059
135060
135061
135062
135063
135064
135065
135066
135067
135068
135069
135071
135072
135073
135075
135076
135078
135082
135142
135146
135147
135148
135149
135150
135151
135152
135153
135154
135155
135156
135157
135158
135159
135160
135162
135166
135231
135232
135233
135234
135235
135236
135237
135238
135239
135240
135241
135242
135243
135244
135308
135310
135312
135314
135315
135316
135317
135318
135319
135320
135321
135322
135323
135324
135325
135326
135327
135328
135330
135332
135334
135392
135394
135396
135398
135399
135400
135401
135402
135403
135404
135405
135406
135407
135408
135409
135410
135411
135412
135414
135416
135418
135476
135478
135480
135482
135483
135484
135485
135486
135487
135488
135489
135490
135491
135492
135493
135494
135495
135496
135498
135500
135502
135567
135568
135569
135570
135571
135572
135573
135574
135575
135576
135577
135578
135579
135580
135644
135648
135651
135652
135653
135654
135655
135656
135657
135658
135659
135660
135661
135662
135663
135664
135668
135756
135760
135763
135765
135766
135767
135769
135770
135771
135772
135773
135774
135775
135776
135777
135778
135779
135780
135781
135782
135783
135784
135785
135787
135788
135789
135794
137774
137778
137779
137780
137781
137783
137784
137785
137786
137787
137788
137789
137790
137791
137792
137793
137794
137795
137796
137797
137798
137799
137801
137802
137803
137805
137806
137808
137812
137928
137932
137933
137934
137935
137936
137937
137938
137939
137940
137941
137942
137943
137944
137945
137946
137947
137948
137949
137950
137951
137952
137953
137954
137955
137956
137957
137958
137959
137960
137961
137962
137963
137964
137965
137966
137967
137968
137969
137970
137971
137972
137973
137974
137976
137980
138129
138130
138131
138132
138133
138134
138135
138136
138137
138138
138139
138140
138141
138142
138143
138144
138145
138146
138147
138148
138149
138150
138151
138152
138153
138154
138155
138156
138157
138158
138159
138160
138161
138162
138163
138164
138165
138166
138167
138168
138169
138170
138171
138172
138173
138174
138175
138176
138177
138178
138179
138180
138181
138182
138183
138184
138332
138334
138336
138338
138339
138340
138341
138342
138343
138344
138345
138346
138347
138348
138349
138350
138351
138352
138353
138354
138355
138356
138357
138358
138359
138360
138361
138362
138363
138364
138365
138366
138367
138368
138369
138370
138371
138372
138373
138374
138375
138376
138377
138378
138379
138380
138381
138382
138383
138384
138385
138386
138387
138388
138389
138390
138391
138392
138393
138394
138396
138398
138400
138542
138544
138546
138548
138549
138550
138551
138552
138553
138554
138555
138556
138557
138558
138559
138560
138561
138562
138563
138564
138565
138566
138567
138568
138569
138570
138571
138572
138573
138574
138575
138576
138577
138578
138579
138580
138581
138582
138583
138584
138585
138586
138587
138588
138589
138590
138591
138592
138593
138594
138595
138596
138597
138598
138599
138600
138601
138602
138603
138604
138606
138608
138610
138752
138754
138756
138758
138759
138760
138761
138762
138763
138764
138765
138766
138767
138768
138769
138770
138771
138772
138773
138774
138775
138776
138777
138778
138779
138780
138781
138782
138783
138784
138785
138786
138787
138788
138789
138790
138791
138792
138793
138794
138795
138796
138797
138798
138799
138800
138801
138802
138803
138804
138805
138806
138807
138808
138809
138810
138811
138812
138813
138814
138816
138818
138820
138969
138970
138971
138972
138973
138974
138975
138976
138977
138978
138979
138980
138981
138982
138983
138984
138985
138986
138987
138988
138989
138990
138991
138992
138993
138994
138995
138996
138997
138998
138999
139000
139001
139002
139003
139004
139005
139006
139007
139008
139009
139010
139011
139012
139013
139014
139015
139016
139017
139018
139019
139020
139021
139022
139023
139024
139144
139148
139151
139152
139153
139154
139155
139156
139157
139158
139159
139160
139161
139162
139163
139164
139165
139166
139167
139168
139169
139170
139171
139172
139173
139174
139175
139176
139177
139178
139179
139180
139181
139182
139183
139184
139185
139186
139187
139188
139189
139190
139191
139192
139196
139284
139288
139291
139293
139294
139295
139297
139298
139299
139300
139301
139302
139303
139304
139305
139306
139307
139308
139309
139310
139311
139312
139313
139315
139316
139317
139322
140516
140517
140518
140523
140524
140525
140530
140531
140532
140537
140538
140539
140628
140629
140630
140635
140636
140637
140642
140643
140644
140649
140650
140651
140656
140657
140658
140663
140664
140665
140782
140783
140784
140789
140790
140791
140796
140797
140798
140803
140804
140805
140810
140811
140812
140817
140818
140819
140824
140825
140826
140831
140832
140833
140950
140951
140952
140957
140958
140959
140964
140965
140966
140971
140972
140973
140978
140979
140980
140985
140986
140987
140992
140993
140994
140999
141000
141001
141118
141119
141120
141125
141126
141127
141132
141133
141134
141139
141140
141141
141146
141147
141148
141153
141154
141155
141160
141161
141162
141167
141168
141169
141258
141259
141260
141265
141266
141267
141272
141273
141274
141279
141280
141281
141286
141287
141288
141293
141294
141295
141356
141357
141358
141363
141364
141365
141370
141371
141372
141377
141378
141379
141951
141952
141953
141954
141955
141956
141957
141958
141959
141960
141961
141962
141963
141964
142077
142078
142079
142080
142081
142082
142083
142084
142085
142086
142087
142088
142089
142090
142665
142666
142667
142668
142669
142670
142671
142672
142673
142674
142675
142676
142677
142678
142791
142792
142793
142794
142795
142796
142797
142798
142799
142800
142801
142802
142803
142804
143379
143380
143381
143382
143383
143384
143385
143386
143387
143388
143389
143390
143391
143392
143505
143506
143507
143508
143509
143510
143511
143512
143513
143514
143515
143516
143517
143518
144093
144094
144095
144096
144097
144098
144099
144100
144101
144102
144103
144104
144105
144106
144219
144220
144221
144222
144223
144224
144225
144226
144227
144228
144229
144230
144231
144232
144807
144808
144809
144810
144811
144812
144813
144814
144815
144816
144817
144818
144819
144820
144933
144934
144935
144936
144937
144938
144939
144940
144941
144942
144943
144944
144945
144946
145521
145522
145523
145524
145525
145526
145527
145528
145529
145530
145531
145532
145533
145534
145647
145648
145649
145650
145651
145652
145653
145654
145655
145656
145657
145658
145659
145660
146235
146236
146237
146238
146239
146240
146241
146242
146243
146244
146245
146246
146247
146248
146361
146362
146363
146364
146365
146366
146367
146368
146369
146370
146371
146372
146373
146374
146949
146950
146951
146952
146953
146954
146955
146956
146957
146958
146959
146960
146961
146962
147075
147076
147077
147078
147079
147080
147081
147082
147083
147084
147085
147086
147087
147088
147663
147664
147665
147666
147667
147668
147669
147670
147671
147672
147673
147674
147675
147676
147789
147790
147791
147792
147793
147794
147795
147796
147797
147798
147799
147800
147801
147802
148377
148378
148379
148380
148381
148382
148383
148384
148385
148386
148387
148388
148389
148390
148503
148504
148505
148506
148507
148508
148509
148510
148511
148512
148513
148514
148515
148516
149091
149092
149093
149094
149095
149096
149097
149098
149099
149100
149101
149102
149103
149104
149217
149218
149219
149220
149221
149222
149223
149224
149225
149226
149227
149228
149229
149230
149805
149806
149807
149808
149809
149810
149811
149812
149813
149814
149815
149816
149817
149818
149931
149932
149933
149934
149935
149936
149937
149938
149939
149940
149941
149942
149943
149944
150519
150520
150521
150522
150523
150524
150525
150526
150527
150528
150529
150530
150531
150532
150645
150646
150647
150648
150649
150650
150651
150652
150653
150654
150655
150656
150657
150658
151233
151234
151235
151236
151237
151238
151239
151240
151241
151242
151243
151244
151245
151246
151359
151360
151361
151362
151363
151364
151365
151366
151367
151368
151369
151370
151371
151372
151947
151948
151949
151950
151951
151952
151953
151954
151955
151956
151957
151958
151959
151960
152073
152074
152075
152076
152077
152078
152079
152080
152081
152082
152083
152084
152085
152086
152661
152662
152663
152664
152665
152666
152667
152668
152669
152670
152671
152672
152673
152674
152787
152788
152789
152790
152791
152792
152793
152794
152795
152796
152797
152798
152799
152800
153375
153376
153377
153378
153379
153380
153381
153382
153383
153384
153385
153386
153387
153388
153501
153502
153503
153504
153505
153506
153507
153508
153509
153510
153511
153512
153513
153514
154089
154090
154091
154092
154093
154094
154095
154096
154097
154098
154099
154100
154101
154102
154215
154216
154217
154218
154219
154220
154221
154222
154223
154224
154225
154226
154227
154228
154803
154804
154805
154806
154807
154808
154809
154810
154811
154812
154813
154814
154815
154816
154929
154930
154931
154932
154933
154934
154935
154936
154937
154938
154939
154940
154941
154942
155517
155518
155519
155520
155521
155522
155523
155524
155525
155526
155527
155528
155529
155530
155643
155644
155645
155646
155647
155648
155649
155650
155651
155652
155653
155654
155655
155656
156231
156232
156233
156234
156235
156236
156237
156238
156239
156240
156241
156242
156243
156244
156357
156358
156359
156360
156361
156362
156363
156364
156365
156366
156367
156368
156369
156370
156945
156946
156947
156948
156949
156950
156951
156952
156953
156954
156955
156956
156957
156958
157071
157072
157073
157074
157075
157076
157077
157078
157079
157080
157081
157082
157083
157084
157659
157660
157661
157662
157663
157664
157665
157666
157667
157668
157669
157670
157671
157672
157785
157786
157787
157788
157789
157790
157791
157792
157793
157794
157795
157796
157797
157798
158373
158374
158375
158376
158377
158378
158379
158380
158381
158382
158383
158384
158385
158386
158499
158500
158501
158502
158503
158504
158505
158506
158507
158508
158509
158510
158511
158512
159087
159088
159089
159090
159091
159092
159093
159094
159095
159096
159097
159098
159099
159100
159213
159214
159215
159216
159217
159218
159219
159220
159221
159222
159223
159224
159225
159226
159801
159802
159803
159804
159805
159806
159807
159808
159809
159810
159811
159812
159813
159814
159927
159928
159929
159930
159931
159932
159933
159934
159935
159936
159937
159938
159939
159940
160515
160516
160517
160518
160519
160520
160521
160522
160523
160524
160525
160526
160527
160528
160641
160642
160643
160644
160645
160646
160647
160648
160649
160650
160651
160652
160653
160654
161229
161230
161231
161232
161233
161234
161235
161236
161237
161238
161239
161240
161241
161242
161355
161356
161357
161358
161359
161360
161361
161362
161363
161364
161365
161366
161367
161368
161943
161944
161945
161946
161947
161948
161949
161950
161951
161952
161953
161954
161955
161956
162069
162070
162071
162072
162073
162074
162075
162076
162077
162078
162079
162080
162081
162082
162657
162658
162659
162660
162661
162662
162663
162664
162665
162666
162667
162668
162669
162670
162783
162784
162785
162786
162787
162788
162789
162790
162791
162792
162793
162794
162795
162796
163371
163372
163373
163374
163375
163376
163377
163378
163379
163380
163381
163382
163383
163384
163497
163498
163499
163500
163501
163502
163503
163504
163505
163506
163507
163508
163509
163510
)


// ************************************************************************* //
