/*--------------------------------*- C++ -*----------------------------------*\
| =========                 |                                                 |
| \\      /  F ield         | OpenFOAM: The Open Source CFD Toolbox           |
|  \\    /   O peration     | Version:  2606                                  |
|   \\  /    A nd           | Website:  www.openfoam.com                      |
|    \\/     M anipulation  |                                                 |
\*---------------------------------------------------------------------------*/
FoamFile
{
    version     2.0;
    format      ascii;
    arch        "LSB;label=32;scalar=64";
    class       labelList;
    location    "constant/cell5/polyMesh";
    object      pointRegionAddressing;
}
// * * * * * * * * * * * * * * * * * * * * * * * * * * * * * * * * * * * * * //


13138
(
1146
1147
1148
1235
1236
1237
1238
1239
1240
1241
1325
1326
1327
1328
1329
1330
1331
1332
1333
1416
1417
1418
1419
1420
1421
1422
1423
1424
1507
1508
1509
1510
1511
1512
1513
1514
1515
1598
1599
1600
1601
1602
1603
1604
1605
1606
1689
1690
1691
1692
1693
1694
1695
1696
1697
1780
1781
1782
1783
1784
1785
1786
1787
1788
1872
1873
1874
1875
1876
1877
1878
1965
1966
1967
3330
3331
3332
3419
3420
3421
3422
3423
3424
3425
3509
3510
3511
3512
3513
3514
3515
3516
3517
3600
3601
3602
3603
3604
3605
3606
3607
3608
3691
3692
3693
3694
3695
3696
3697
3698
3699
3782
3783
3784
3785
3786
3787
3788
3789
3790
3873
3874
3875
3876
3877
3878
3879
3880
3881
3964
3965
3966
3967
3968
3969
3970
3971
3972
4056
4057
4058
4059
4060
4061
4062
4149
4150
4151
5514
5515
5516
5603
5604
5605
5606
5607
5608
5609
5693
5694
5695
5696
5697
5698
5699
5700
5701
5784
5785
5786
5787
5788
5789
5790
5791
5792
5875
5876
5877
5878
5879
5880
5881
5882
5883
5966
5967
5968
5969
5970
5971
5972
5973
5974
6057
6058
6059
6060
6061
6062
6063
6064
6065
6148
6149
6150
6151
6152
6153
6154
6155
6156
6240
6241
6242
6243
6244
6245
6246
6333
6334
6335
7698
7699
7700
7787
7788
7789
7790
7791
7792
7793
7877
7878
7879
7880
7881
7882
7883
7884
7885
7968
7969
7970
7971
7972
7973
7974
7975
7976
8059
8060
8061
8062
8063
8064
8065
8066
8067
8150
8151
8152
8153
8154
8155
8156
8157
8158
8241
8242
8243
8244
8245
8246
8247
8248
8249
8332
8333
8334
8335
8336
8337
8338
8339
8340
8424
8425
8426
8427
8428
8429
8430
8517
8518
8519
9882
9883
9884
9971
9972
9973
9974
9975
9976
9977
10061
10062
10063
10064
10065
10066
10067
10068
10069
10152
10153
10154
10155
10156
10157
10158
10159
10160
10243
10244
10245
10246
10247
10248
10249
10250
10251
10334
10335
10336
10337
10338
10339
10340
10341
10342
10425
10426
10427
10428
10429
10430
10431
10432
10433
10516
10517
10518
10519
10520
10521
10522
10523
10524
10608
10609
10610
10611
10612
10613
10614
10701
10702
10703
12066
12067
12068
12155
12156
12157
12158
12159
12160
12161
12245
12246
12247
12248
12249
12250
12251
12252
12253
12336
12337
12338
12339
12340
12341
12342
12343
12344
12427
12428
12429
12430
12431
12432
12433
12434
12435
12518
12519
12520
12521
12522
12523
12524
12525
12526
12609
12610
12611
12612
12613
12614
12615
12616
12617
12700
12701
12702
12703
12704
12705
12706
12707
12708
12792
12793
12794
12795
12796
12797
12798
12885
12886
12887
14250
14251
14252
14339
14340
14341
14342
14343
14344
14345
14429
14430
14431
14432
14433
14434
14435
14436
14437
14520
14521
14522
14523
14524
14525
14526
14527
14528
14611
14612
14613
14614
14615
14616
14617
14618
14619
14702
14703
14704
14705
14706
14707
14708
14709
14710
14793
14794
14795
14796
14797
14798
14799
14800
14801
14884
14885
14886
14887
14888
14889
14890
14891
14892
14976
14977
14978
14979
14980
14981
14982
15069
15070
15071
16434
16435
16436
16523
16524
16525
16526
16527
16528
16529
16613
16614
16615
16616
16617
16618
16619
16620
16621
16704
16705
16706
16707
16708
16709
16710
16711
16712
16795
16796
16797
16798
16799
16800
16801
16802
16803
16886
16887
16888
16889
16890
16891
16892
16893
16894
16977
16978
16979
16980
16981
16982
16983
16984
16985
17068
17069
17070
17071
17072
17073
17074
17075
17076
17160
17161
17162
17163
17164
17165
17166
17253
17254
17255
18618
18619
18620
18707
18708
18709
18710
18711
18712
18713
18797
18798
18799
18800
18801
18802
18803
18804
18805
18888
18889
18890
18891
18892
18893
18894
18895
18896
18979
18980
18981
18982
18983
18984
18985
18986
18987
19070
19071
19072
19073
19074
19075
19076
19077
19078
19161
19162
19163
19164
19165
19166
19167
19168
19169
19252
19253
19254
19255
19256
19257
19258
19259
19260
19344
19345
19346
19347
19348
19349
19350
19437
19438
19439
20802
20803
20804
20891
20892
20893
20894
20895
20896
20897
20981
20982
20983
20984
20985
20986
20987
20988
20989
21072
21073
21074
21075
21076
21077
21078
21079
21080
21163
21164
21165
21166
21167
21168
21169
21170
21171
21254
21255
21256
21257
21258
21259
21260
21261
21262
21345
21346
21347
21348
21349
21350
21351
21352
21353
21436
21437
21438
21439
21440
21441
21442
21443
21444
21528
21529
21530
21531
21532
21533
21534
21621
21622
21623
22986
22987
22988
23075
23076
23077
23078
23079
23080
23081
23165
23166
23167
23168
23169
23170
23171
23172
23173
23256
23257
23258
23259
23260
23261
23262
23263
23264
23347
23348
23349
23350
23351
23352
23353
23354
23355
23438
23439
23440
23441
23442
23443
23444
23445
23446
23529
23530
23531
23532
23533
23534
23535
23536
23537
23620
23621
23622
23623
23624
23625
23626
23627
23628
23712
23713
23714
23715
23716
23717
23718
23805
23806
23807
25170
25171
25172
25259
25260
25261
25262
25263
25264
25265
25349
25350
25351
25352
25353
25354
25355
25356
25357
25440
25441
25442
25443
25444
25445
25446
25447
25448
25531
25532
25533
25534
25535
25536
25537
25538
25539
25622
25623
25624
25625
25626
25627
25628
25629
25630
25713
25714
25715
25716
25717
25718
25719
25720
25721
25804
25805
25806
25807
25808
25809
25810
25811
25812
25896
25897
25898
25899
25900
25901
25902
25989
25990
25991
27354
27355
27356
27443
27444
27445
27446
27447
27448
27449
27533
27534
27535
27536
27537
27538
27539
27540
27541
27624
27625
27626
27627
27628
27629
27630
27631
27632
27715
27716
27717
27718
27719
27720
27721
27722
27723
27806
27807
27808
27809
27810
27811
27812
27813
27814
27897
27898
27899
27900
27901
27902
27903
27904
27905
27988
27989
27990
27991
27992
27993
27994
27995
27996
28080
28081
28082
28083
28084
28085
28086
28173
28174
28175
29538
29539
29540
29627
29628
29629
29630
29631
29632
29633
29717
29718
29719
29720
29721
29722
29723
29724
29725
29808
29809
29810
29811
29812
29813
29814
29815
29816
29899
29900
29901
29902
29903
29904
29905
29906
29907
29990
29991
29992
29993
29994
29995
29996
29997
29998
30081
30082
30083
30084
30085
30086
30087
30088
30089
30172
30173
30174
30175
30176
30177
30178
30179
30180
30264
30265
30266
30267
30268
30269
30270
30357
30358
30359
31722
31723
31724
31811
31812
31813
31814
31815
31816
31817
31901
31902
31903
31904
31905
31906
31907
31908
31909
31992
31993
31994
31995
31996
31997
31998
31999
32000
32083
32084
32085
32086
32087
32088
32089
32090
32091
32174
32175
32176
32177
32178
32179
32180
32181
32182
32265
32266
32267
32268
32269
32270
32271
32272
32273
32356
32357
32358
32359
32360
32361
32362
32363
32364
32448
32449
32450
32451
32452
32453
32454
32541
32542
32543
33906
33907
33908
33995
33996
33997
33998
33999
34000
34001
34085
34086
34087
34088
34089
34090
34091
34092
34093
34176
34177
34178
34179
34180
34181
34182
34183
34184
34267
34268
34269
34270
34271
34272
34273
34274
34275
34358
34359
34360
34361
34362
34363
34364
34365
34366
34449
34450
34451
34452
34453
34454
34455
34456
34457
34540
34541
34542
34543
34544
34545
34546
34547
34548
34632
34633
34634
34635
34636
34637
34638
34725
34726
34727
36090
36091
36092
36179
36180
36181
36182
36183
36184
36185
36269
36270
36271
36272
36273
36274
36275
36276
36277
36360
36361
36362
36363
36364
36365
36366
36367
36368
36451
36452
36453
36454
36455
36456
36457
36458
36459
36542
36543
36544
36545
36546
36547
36548
36549
36550
36633
36634
36635
36636
36637
36638
36639
36640
36641
36724
36725
36726
36727
36728
36729
36730
36731
36732
36816
36817
36818
36819
36820
36821
36822
36909
36910
36911
38274
38275
38276
38363
38364
38365
38366
38367
38368
38369
38453
38454
38455
38456
38457
38458
38459
38460
38461
38544
38545
38546
38547
38548
38549
38550
38551
38552
38635
38636
38637
38638
38639
38640
38641
38642
38643
38726
38727
38728
38729
38730
38731
38732
38733
38734
38817
38818
38819
38820
38821
38822
38823
38824
38825
38908
38909
38910
38911
38912
38913
38914
38915
38916
39000
39001
39002
39003
39004
39005
39006
39093
39094
39095
40458
40459
40460
40547
40548
40549
40550
40551
40552
40553
40637
40638
40639
40640
40641
40642
40643
40644
40645
40728
40729
40730
40731
40732
40733
40734
40735
40736
40819
40820
40821
40822
40823
40824
40825
40826
40827
40910
40911
40912
40913
40914
40915
40916
40917
40918
41001
41002
41003
41004
41005
41006
41007
41008
41009
41092
41093
41094
41095
41096
41097
41098
41099
41100
41184
41185
41186
41187
41188
41189
41190
41277
41278
41279
42642
42643
42644
42731
42732
42733
42734
42735
42736
42737
42821
42822
42823
42824
42825
42826
42827
42828
42829
42912
42913
42914
42915
42916
42917
42918
42919
42920
43003
43004
43005
43006
43007
43008
43009
43010
43011
43094
43095
43096
43097
43098
43099
43100
43101
43102
43185
43186
43187
43188
43189
43190
43191
43192
43193
43276
43277
43278
43279
43280
43281
43282
43283
43284
43368
43369
43370
43371
43372
43373
43374
43461
43462
43463
44826
44827
44828
44915
44916
44917
44918
44919
44920
44921
45005
45006
45007
45008
45009
45010
45011
45012
45013
45096
45097
45098
45099
45100
45101
45102
45103
45104
45187
45188
45189
45190
45191
45192
45193
45194
45195
45278
45279
45280
45281
45282
45283
45284
45285
45286
45369
45370
45371
45372
45373
45374
45375
45376
45377
45460
45461
45462
45463
45464
45465
45466
45467
45468
45552
45553
45554
45555
45556
45557
45558
45645
45646
45647
47010
47011
47012
47099
47100
47101
47102
47103
47104
47105
47189
47190
47191
47192
47193
47194
47195
47196
47197
47280
47281
47282
47283
47284
47285
47286
47287
47288
47371
47372
47373
47374
47375
47376
47377
47378
47379
47462
47463
47464
47465
47466
47467
47468
47469
47470
47553
47554
47555
47556
47557
47558
47559
47560
47561
47644
47645
47646
47647
47648
47649
47650
47651
47652
47736
47737
47738
47739
47740
47741
47742
47829
47830
47831
49194
49195
49196
49283
49284
49285
49286
49287
49288
49289
49373
49374
49375
49376
49377
49378
49379
49380
49381
49464
49465
49466
49467
49468
49469
49470
49471
49472
49555
49556
49557
49558
49559
49560
49561
49562
49563
49646
49647
49648
49649
49650
49651
49652
49653
49654
49737
49738
49739
49740
49741
49742
49743
49744
49745
49828
49829
49830
49831
49832
49833
49834
49835
49836
49920
49921
49922
49923
49924
49925
49926
50013
50014
50015
51378
51379
51380
51467
51468
51469
51470
51471
51472
51473
51557
51558
51559
51560
51561
51562
51563
51564
51565
51648
51649
51650
51651
51652
51653
51654
51655
51656
51739
51740
51741
51742
51743
51744
51745
51746
51747
51830
51831
51832
51833
51834
51835
51836
51837
51838
51921
51922
51923
51924
51925
51926
51927
51928
51929
52012
52013
52014
52015
52016
52017
52018
52019
52020
52104
52105
52106
52107
52108
52109
52110
52197
52198
52199
53562
53563
53564
53651
53652
53653
53654
53655
53656
53657
53741
53742
53743
53744
53745
53746
53747
53748
53749
53832
53833
53834
53835
53836
53837
53838
53839
53840
53923
53924
53925
53926
53927
53928
53929
53930
53931
54014
54015
54016
54017
54018
54019
54020
54021
54022
54105
54106
54107
54108
54109
54110
54111
54112
54113
54196
54197
54198
54199
54200
54201
54202
54203
54204
54288
54289
54290
54291
54292
54293
54294
54381
54382
54383
55746
55747
55748
55835
55836
55837
55838
55839
55840
55841
55925
55926
55927
55928
55929
55930
55931
55932
55933
56016
56017
56018
56019
56020
56021
56022
56023
56024
56107
56108
56109
56110
56111
56112
56113
56114
56115
56198
56199
56200
56201
56202
56203
56204
56205
56206
56289
56290
56291
56292
56293
56294
56295
56296
56297
56380
56381
56382
56383
56384
56385
56386
56387
56388
56472
56473
56474
56475
56476
56477
56478
56565
56566
56567
57930
57931
57932
58019
58020
58021
58022
58023
58024
58025
58109
58110
58111
58112
58113
58114
58115
58116
58117
58200
58201
58202
58203
58204
58205
58206
58207
58208
58291
58292
58293
58294
58295
58296
58297
58298
58299
58382
58383
58384
58385
58386
58387
58388
58389
58390
58473
58474
58475
58476
58477
58478
58479
58480
58481
58564
58565
58566
58567
58568
58569
58570
58571
58572
58656
58657
58658
58659
58660
58661
58662
58749
58750
58751
60114
60115
60116
60203
60204
60205
60206
60207
60208
60209
60293
60294
60295
60296
60297
60298
60299
60300
60301
60384
60385
60386
60387
60388
60389
60390
60391
60392
60475
60476
60477
60478
60479
60480
60481
60482
60483
60566
60567
60568
60569
60570
60571
60572
60573
60574
60657
60658
60659
60660
60661
60662
60663
60664
60665
60748
60749
60750
60751
60752
60753
60754
60755
60756
60840
60841
60842
60843
60844
60845
60846
60933
60934
60935
62298
62299
62300
62387
62388
62389
62390
62391
62392
62393
62477
62478
62479
62480
62481
62482
62483
62484
62485
62568
62569
62570
62571
62572
62573
62574
62575
62576
62659
62660
62661
62662
62663
62664
62665
62666
62667
62750
62751
62752
62753
62754
62755
62756
62757
62758
62841
62842
62843
62844
62845
62846
62847
62848
62849
62932
62933
62934
62935
62936
62937
62938
62939
62940
63024
63025
63026
63027
63028
63029
63030
63117
63118
63119
64482
64483
64484
64571
64572
64573
64574
64575
64576
64577
64661
64662
64663
64664
64665
64666
64667
64668
64669
64752
64753
64754
64755
64756
64757
64758
64759
64760
64843
64844
64845
64846
64847
64848
64849
64850
64851
64934
64935
64936
64937
64938
64939
64940
64941
64942
65025
65026
65027
65028
65029
65030
65031
65032
65033
65116
65117
65118
65119
65120
65121
65122
65123
65124
65208
65209
65210
65211
65212
65213
65214
65301
65302
65303
66666
66667
66668
66755
66756
66757
66758
66759
66760
66761
66845
66846
66847
66848
66849
66850
66851
66852
66853
66936
66937
66938
66939
66940
66941
66942
66943
66944
67027
67028
67029
67030
67031
67032
67033
67034
67035
67118
67119
67120
67121
67122
67123
67124
67125
67126
67209
67210
67211
67212
67213
67214
67215
67216
67217
67300
67301
67302
67303
67304
67305
67306
67307
67308
67392
67393
67394
67395
67396
67397
67398
67485
67486
67487
68850
68851
68852
68939
68940
68941
68942
68943
68944
68945
69029
69030
69031
69032
69033
69034
69035
69036
69037
69120
69121
69122
69123
69124
69125
69126
69127
69128
69211
69212
69213
69214
69215
69216
69217
69218
69219
69302
69303
69304
69305
69306
69307
69308
69309
69310
69393
69394
69395
69396
69397
69398
69399
69400
69401
69484
69485
69486
69487
69488
69489
69490
69491
69492
69576
69577
69578
69579
69580
69581
69582
69669
69670
69671
71034
71035
71036
71123
71124
71125
71126
71127
71128
71129
71213
71214
71215
71216
71217
71218
71219
71220
71221
71304
71305
71306
71307
71308
71309
71310
71311
71312
71395
71396
71397
71398
71399
71400
71401
71402
71403
71486
71487
71488
71489
71490
71491
71492
71493
71494
71577
71578
71579
71580
71581
71582
71583
71584
71585
71668
71669
71670
71671
71672
71673
71674
71675
71676
71760
71761
71762
71763
71764
71765
71766
71853
71854
71855
80924
80925
80926
80927
80928
80929
80938
80939
80940
80941
80951
80952
80958
80959
80964
80965
80970
80971
80981
80982
80992
80993
80994
80995
81008
81009
81010
81011
81012
81013
81548
81549
81551
81552
81553
81554
81555
81556
81557
81558
81559
81561
81614
81615
81616
81617
81618
81619
81620
81621
81622
81623
81624
81625
81626
81627
81628
81630
81631
81673
81674
81675
81676
81677
81678
81679
81680
81681
81682
81683
81684
81686
81687
81714
81717
81718
81719
81720
81721
81722
81723
81724
81725
81744
81747
81748
81749
81750
81751
81770
81773
81774
81775
81776
81777
81808
81811
81812
81813
81814
81815
81816
81817
81818
81819
81820
81821
81864
81866
81867
81868
81869
81870
81871
81872
81873
81874
81875
81876
81877
81880
81932
81934
81935
81936
81937
81938
81939
81940
81941
81942
81943
81944
81945
81946
81947
81948
81949
81952
81982
81984
81985
81986
81987
81988
81989
82704
82705
82706
82707
82708
82709
82718
82719
82720
82721
82731
82732
82738
82739
82744
82745
82750
82751
82761
82762
82772
82773
82774
82775
82788
82789
82790
82791
82792
82793
83206
83208
83211
83213
83259
83260
83262
83263
83265
83266
83268
83269
83271
83272
83275
83312
83313
83315
83316
83318
83319
83320
83323
83353
83354
83356
83357
83359
83360
83361
83364
83381
83382
83384
83386
83403
83404
83406
83408
83429
83430
83432
83433
83434
83436
83469
83472
83473
83475
83476
83477
83478
83479
83521
83524
83525
83527
83528
83529
83530
83531
83532
83533
83577
83580
83581
83583
83584
83586
83587
83589
83590
83781
83782
83783
83784
83785
83786
83795
83796
83797
83798
83808
83809
83819
83820
83821
83822
83831
83832
83833
83834
83843
83844
83845
83846
83856
83857
83867
83868
83869
83870
83883
83884
83885
83886
83887
83888
84057
84058
84059
84060
84061
84062
84071
84072
84073
84074
84084
84085
84095
84096
84097
84098
84107
84108
84109
84110
84119
84120
84121
84122
84132
84133
84143
84144
84145
84146
84159
84160
84161
84162
84163
84164
84333
84334
84335
84336
84337
84338
84347
84348
84349
84350
84360
84361
84371
84372
84373
84374
84383
84384
84385
84386
84395
84396
84397
84398
84408
84409
84419
84420
84421
84422
84435
84436
84437
84438
84439
84440
84609
84610
84611
84612
84613
84614
84623
84624
84625
84626
84636
84637
84647
84648
84649
84650
84659
84660
84661
84662
84671
84672
84673
84674
84684
84685
84695
84696
84697
84698
84711
84712
84713
84714
84715
84716
84885
84886
84887
84888
84889
84890
84899
84900
84901
84902
84912
84913
84923
84924
84925
84926
84935
84936
84937
84938
84947
84948
84949
84950
84960
84961
84971
84972
84973
84974
84987
84988
84989
84990
84991
84992
85161
85162
85163
85164
85165
85166
85175
85176
85177
85178
85188
85189
85199
85200
85201
85202
85211
85212
85213
85214
85223
85224
85225
85226
85236
85237
85247
85248
85249
85250
85263
85264
85265
85266
85267
85268
85437
85438
85439
85440
85441
85442
85451
85452
85453
85454
85464
85465
85475
85476
85477
85478
85487
85488
85489
85490
85499
85500
85501
85502
85512
85513
85523
85524
85525
85526
85539
85540
85541
85542
85543
85544
85713
85714
85715
85716
85717
85718
85727
85728
85729
85730
85740
85741
85751
85752
85753
85754
85763
85764
85765
85766
85775
85776
85777
85778
85788
85789
85799
85800
85801
85802
85815
85816
85817
85818
85819
85820
85989
85990
85991
85992
85993
85994
86003
86004
86005
86006
86016
86017
86027
86028
86029
86030
86039
86040
86041
86042
86051
86052
86053
86054
86064
86065
86075
86076
86077
86078
86091
86092
86093
86094
86095
86096
86265
86266
86267
86268
86269
86270
86279
86280
86281
86282
86292
86293
86303
86304
86305
86306
86315
86316
86317
86318
86327
86328
86329
86330
86340
86341
86351
86352
86353
86354
86367
86368
86369
86370
86371
86372
86541
86542
86543
86544
86545
86546
86555
86556
86557
86558
86568
86569
86579
86580
86581
86582
86591
86592
86593
86594
86603
86604
86605
86606
86616
86617
86627
86628
86629
86630
86643
86644
86645
86646
86647
86648
86817
86818
86819
86820
86821
86822
86831
86832
86833
86834
86844
86845
86855
86856
86857
86858
86867
86868
86869
86870
86879
86880
86881
86882
86892
86893
86903
86904
86905
86906
86919
86920
86921
86922
86923
86924
87093
87094
87095
87096
87097
87098
87107
87108
87109
87110
87120
87121
87131
87132
87133
87134
87143
87144
87145
87146
87155
87156
87157
87158
87168
87169
87179
87180
87181
87182
87195
87196
87197
87198
87199
87200
87369
87370
87371
87372
87373
87374
87383
87384
87385
87386
87396
87397
87407
87408
87409
87410
87419
87420
87421
87422
87431
87432
87433
87434
87444
87445
87455
87456
87457
87458
87471
87472
87473
87474
87475
87476
87645
87646
87647
87648
87649
87650
87659
87660
87661
87662
87672
87673
87683
87684
87685
87686
87695
87696
87697
87698
87707
87708
87709
87710
87720
87721
87731
87732
87733
87734
87747
87748
87749
87750
87751
87752
87921
87922
87923
87924
87925
87926
87935
87936
87937
87938
87948
87949
87959
87960
87961
87962
87971
87972
87973
87974
87983
87984
87985
87986
87996
87997
88007
88008
88009
88010
88023
88024
88025
88026
88027
88028
88197
88198
88199
88200
88201
88202
88211
88212
88213
88214
88224
88225
88235
88236
88237
88238
88247
88248
88249
88250
88259
88260
88261
88262
88272
88273
88283
88284
88285
88286
88299
88300
88301
88302
88303
88304
88473
88474
88475
88476
88477
88478
88487
88488
88489
88490
88500
88501
88511
88512
88513
88514
88523
88524
88525
88526
88535
88536
88537
88538
88548
88549
88559
88560
88561
88562
88575
88576
88577
88578
88579
88580
88749
88750
88751
88752
88753
88754
88763
88764
88765
88766
88776
88777
88787
88788
88789
88790
88799
88800
88801
88802
88811
88812
88813
88814
88824
88825
88835
88836
88837
88838
88851
88852
88853
88854
88855
88856
89025
89026
89027
89028
89029
89030
89039
89040
89041
89042
89052
89053
89063
89064
89065
89066
89075
89076
89077
89078
89087
89088
89089
89090
89100
89101
89111
89112
89113
89114
89127
89128
89129
89130
89131
89132
89301
89302
89303
89304
89305
89306
89315
89316
89317
89318
89328
89329
89339
89340
89341
89342
89351
89352
89353
89354
89363
89364
89365
89366
89376
89377
89387
89388
89389
89390
89403
89404
89405
89406
89407
89408
89577
89578
89579
89580
89581
89582
89591
89592
89593
89594
89604
89605
89615
89616
89617
89618
89627
89628
89629
89630
89639
89640
89641
89642
89652
89653
89663
89664
89665
89666
89679
89680
89681
89682
89683
89684
89853
89854
89855
89856
89857
89858
89867
89868
89869
89870
89880
89881
89891
89892
89893
89894
89903
89904
89905
89906
89915
89916
89917
89918
89928
89929
89939
89940
89941
89942
89955
89956
89957
89958
89959
89960
90129
90130
90131
90132
90133
90134
90143
90144
90145
90146
90156
90157
90167
90168
90169
90170
90179
90180
90181
90182
90191
90192
90193
90194
90204
90205
90215
90216
90217
90218
90231
90232
90233
90234
90235
90236
90405
90406
90407
90408
90409
90410
90419
90420
90421
90422
90432
90433
90443
90444
90445
90446
90455
90456
90457
90458
90467
90468
90469
90470
90480
90481
90491
90492
90493
90494
90507
90508
90509
90510
90511
90512
90681
90682
90683
90684
90685
90686
90695
90696
90697
90698
90708
90709
90719
90720
90721
90722
90731
90732
90733
90734
90743
90744
90745
90746
90756
90757
90767
90768
90769
90770
90783
90784
90785
90786
90787
90788
90957
90958
90959
90960
90961
90962
90971
90972
90973
90974
90984
90985
90995
90996
90997
90998
91007
91008
91009
91010
91019
91020
91021
91022
91032
91033
91043
91044
91045
91046
91059
91060
91061
91062
91063
91064
91233
91234
91235
91236
91237
91238
91247
91248
91249
91250
91260
91261
91271
91272
91273
91274
91283
91284
91285
91286
91295
91296
91297
91298
91308
91309
91319
91320
91321
91322
91335
91336
91337
91338
91339
91340
91509
91510
91511
91512
91513
91514
91523
91524
91525
91526
91536
91537
91547
91548
91549
91550
91559
91560
91561
91562
91571
91572
91573
91574
91584
91585
91595
91596
91597
91598
91611
91612
91613
91614
91615
91616
91785
91786
91787
91788
91789
91790
91799
91800
91801
91802
91812
91813
91823
91824
91825
91826
91835
91836
91837
91838
91847
91848
91849
91850
91860
91861
91871
91872
91873
91874
91887
91888
91889
91890
91891
91892
92061
92062
92063
92064
92065
92066
92075
92076
92077
92078
92088
92089
92099
92100
92101
92102
92111
92112
92113
92114
92123
92124
92125
92126
92136
92137
92147
92148
92149
92150
92163
92164
92165
92166
92167
92168
92451
92452
92453
92454
92455
92456
92473
92474
92475
92476
92477
92478
92479
92480
92502
92503
92504
92505
92506
92507
92508
92509
92531
92532
92533
92534
92535
92536
92537
92538
92539
92540
92561
92562
92563
92564
92565
92566
92567
92568
92569
92570
92591
92592
92593
92594
92595
92596
92597
92598
92599
92600
92622
92623
92624
92625
92626
92627
92628
92629
92647
92648
92649
92650
92651
92652
92653
92654
92667
92668
92669
92670
92671
92672
92843
92844
92845
92846
92859
92860
92861
92862
92863
92864
92881
92882
92883
92884
92885
92886
92887
92888
92905
92906
92907
92908
92909
92910
92911
92912
92929
92930
92931
92932
92933
92934
92935
92936
92949
92950
92951
92952
92953
92954
92963
92964
92965
92966
93609
93610
93612
93613
93614
93615
93616
93617
93618
93619
93620
93622
93675
93676
93677
93678
93679
93680
93681
93682
93683
93684
93685
93686
93687
93688
93689
93691
93692
93734
93735
93736
93737
93738
93739
93740
93741
93742
93743
93744
93745
93747
93748
93779
93782
93783
93784
93785
93786
93787
93788
93789
93790
93791
93792
93823
93826
93827
93828
93829
93830
93831
93832
93833
93834
93835
93836
93867
93870
93871
93872
93873
93874
93875
93876
93877
93878
93879
93880
93911
93914
93915
93916
93917
93918
93919
93920
93921
93922
93923
93924
93967
93969
93970
93971
93972
93973
93974
93975
93976
93977
93978
93979
93980
93983
94035
94037
94038
94039
94040
94041
94042
94043
94044
94045
94046
94047
94048
94049
94050
94051
94052
94055
94095
94098
94100
94101
94103
94104
94106
94768
94769
94771
94772
94773
94774
94775
94776
94777
94778
94779
94781
94834
94835
94836
94837
94838
94839
94840
94841
94842
94843
94844
94845
94846
94847
94848
94850
94851
94893
94894
94895
94896
94897
94898
94899
94900
94901
94902
94903
94904
94906
94907
94938
94941
94942
94943
94944
94945
94946
94947
94948
94949
94950
94951
94982
94985
94986
94987
94988
94989
94990
94991
94992
94993
94994
94995
95026
95029
95030
95031
95032
95033
95034
95035
95036
95037
95038
95039
95070
95073
95074
95075
95076
95077
95078
95079
95080
95081
95082
95083
95126
95128
95129
95130
95131
95132
95133
95134
95135
95136
95137
95138
95139
95142
95194
95196
95197
95198
95199
95200
95201
95202
95203
95204
95205
95206
95207
95208
95209
95210
95211
95214
95254
95257
95259
95260
95262
95263
95265
95927
95928
95930
95931
95932
95933
95934
95935
95936
95937
95938
95940
95993
95994
95995
95996
95997
95998
95999
96000
96001
96002
96003
96004
96005
96006
96007
96009
96010
96052
96053
96054
96055
96056
96057
96058
96059
96060
96061
96062
96063
96065
96066
96097
96100
96101
96102
96103
96104
96105
96106
96107
96108
96109
96110
96141
96144
96145
96146
96147
96148
96149
96150
96151
96152
96153
96154
96185
96188
96189
96190
96191
96192
96193
96194
96195
96196
96197
96198
96229
96232
96233
96234
96235
96236
96237
96238
96239
96240
96241
96242
96285
96287
96288
96289
96290
96291
96292
96293
96294
96295
96296
96297
96298
96301
96353
96355
96356
96357
96358
96359
96360
96361
96362
96363
96364
96365
96366
96367
96368
96369
96370
96373
96413
96416
96418
96419
96421
96422
96424
97086
97087
97089
97090
97091
97092
97093
97094
97095
97096
97097
97099
97152
97153
97154
97155
97156
97157
97158
97159
97160
97161
97162
97163
97164
97165
97166
97168
97169
97211
97212
97213
97214
97215
97216
97217
97218
97219
97220
97221
97222
97224
97225
97256
97259
97260
97261
97262
97263
97264
97265
97266
97267
97268
97269
97300
97303
97304
97305
97306
97307
97308
97309
97310
97311
97312
97313
97344
97347
97348
97349
97350
97351
97352
97353
97354
97355
97356
97357
97388
97391
97392
97393
97394
97395
97396
97397
97398
97399
97400
97401
97444
97446
97447
97448
97449
97450
97451
97452
97453
97454
97455
97456
97457
97460
97512
97514
97515
97516
97517
97518
97519
97520
97521
97522
97523
97524
97525
97526
97527
97528
97529
97532
97572
97575
97577
97578
97580
97581
97583
98245
98246
98248
98249
98250
98251
98252
98253
98254
98255
98256
98258
98311
98312
98313
98314
98315
98316
98317
98318
98319
98320
98321
98322
98323
98324
98325
98327
98328
98370
98371
98372
98373
98374
98375
98376
98377
98378
98379
98380
98381
98383
98384
98415
98418
98419
98420
98421
98422
98423
98424
98425
98426
98427
98428
98459
98462
98463
98464
98465
98466
98467
98468
98469
98470
98471
98472
98503
98506
98507
98508
98509
98510
98511
98512
98513
98514
98515
98516
98547
98550
98551
98552
98553
98554
98555
98556
98557
98558
98559
98560
98603
98605
98606
98607
98608
98609
98610
98611
98612
98613
98614
98615
98616
98619
98671
98673
98674
98675
98676
98677
98678
98679
98680
98681
98682
98683
98684
98685
98686
98687
98688
98691
98731
98734
98736
98737
98739
98740
98742
99404
99405
99407
99408
99409
99410
99411
99412
99413
99414
99415
99417
99470
99471
99472
99473
99474
99475
99476
99477
99478
99479
99480
99481
99482
99483
99484
99486
99487
99529
99530
99531
99532
99533
99534
99535
99536
99537
99538
99539
99540
99542
99543
99574
99577
99578
99579
99580
99581
99582
99583
99584
99585
99586
99587
99618
99621
99622
99623
99624
99625
99626
99627
99628
99629
99630
99631
99662
99665
99666
99667
99668
99669
99670
99671
99672
99673
99674
99675
99706
99709
99710
99711
99712
99713
99714
99715
99716
99717
99718
99719
99762
99764
99765
99766
99767
99768
99769
99770
99771
99772
99773
99774
99775
99778
99830
99832
99833
99834
99835
99836
99837
99838
99839
99840
99841
99842
99843
99844
99845
99846
99847
99850
99890
99893
99895
99896
99898
99899
99901
100563
100564
100566
100567
100568
100569
100570
100571
100572
100573
100574
100576
100629
100630
100631
100632
100633
100634
100635
100636
100637
100638
100639
100640
100641
100642
100643
100645
100646
100688
100689
100690
100691
100692
100693
100694
100695
100696
100697
100698
100699
100701
100702
100733
100736
100737
100738
100739
100740
100741
100742
100743
100744
100745
100746
100777
100780
100781
100782
100783
100784
100785
100786
100787
100788
100789
100790
100821
100824
100825
100826
100827
100828
100829
100830
100831
100832
100833
100834
100865
100868
100869
100870
100871
100872
100873
100874
100875
100876
100877
100878
100921
100923
100924
100925
100926
100927
100928
100929
100930
100931
100932
100933
100934
100937
100989
100991
100992
100993
100994
100995
100996
100997
100998
100999
101000
101001
101002
101003
101004
101005
101006
101009
101049
101052
101054
101055
101057
101058
101060
101722
101723
101725
101726
101727
101728
101729
101730
101731
101732
101733
101735
101788
101789
101790
101791
101792
101793
101794
101795
101796
101797
101798
101799
101800
101801
101802
101804
101805
101847
101848
101849
101850
101851
101852
101853
101854
101855
101856
101857
101858
101860
101861
101892
101895
101896
101897
101898
101899
101900
101901
101902
101903
101904
101905
101936
101939
101940
101941
101942
101943
101944
101945
101946
101947
101948
101949
101980
101983
101984
101985
101986
101987
101988
101989
101990
101991
101992
101993
102024
102027
102028
102029
102030
102031
102032
102033
102034
102035
102036
102037
102080
102082
102083
102084
102085
102086
102087
102088
102089
102090
102091
102092
102093
102096
102148
102150
102151
102152
102153
102154
102155
102156
102157
102158
102159
102160
102161
102162
102163
102164
102165
102168
102208
102211
102213
102214
102216
102217
102219
102881
102882
102884
102885
102886
102887
102888
102889
102890
102891
102892
102894
102947
102948
102949
102950
102951
102952
102953
102954
102955
102956
102957
102958
102959
102960
102961
102963
102964
103006
103007
103008
103009
103010
103011
103012
103013
103014
103015
103016
103017
103019
103020
103051
103054
103055
103056
103057
103058
103059
103060
103061
103062
103063
103064
103095
103098
103099
103100
103101
103102
103103
103104
103105
103106
103107
103108
103139
103142
103143
103144
103145
103146
103147
103148
103149
103150
103151
103152
103183
103186
103187
103188
103189
103190
103191
103192
103193
103194
103195
103196
103239
103241
103242
103243
103244
103245
103246
103247
103248
103249
103250
103251
103252
103255
103307
103309
103310
103311
103312
103313
103314
103315
103316
103317
103318
103319
103320
103321
103322
103323
103324
103327
103367
103370
103372
103373
103375
103376
103378
104040
104041
104043
104044
104045
104046
104047
104048
104049
104050
104051
104053
104106
104107
104108
104109
104110
104111
104112
104113
104114
104115
104116
104117
104118
104119
104120
104122
104123
104165
104166
104167
104168
104169
104170
104171
104172
104173
104174
104175
104176
104178
104179
104210
104213
104214
104215
104216
104217
104218
104219
104220
104221
104222
104223
104254
104257
104258
104259
104260
104261
104262
104263
104264
104265
104266
104267
104298
104301
104302
104303
104304
104305
104306
104307
104308
104309
104310
104311
104342
104345
104346
104347
104348
104349
104350
104351
104352
104353
104354
104355
104398
104400
104401
104402
104403
104404
104405
104406
104407
104408
104409
104410
104411
104414
104466
104468
104469
104470
104471
104472
104473
104474
104475
104476
104477
104478
104479
104480
104481
104482
104483
104486
104526
104529
104531
104532
104534
104535
104537
105199
105200
105202
105203
105204
105205
105206
105207
105208
105209
105210
105212
105265
105266
105267
105268
105269
105270
105271
105272
105273
105274
105275
105276
105277
105278
105279
105281
105282
105324
105325
105326
105327
105328
105329
105330
105331
105332
105333
105334
105335
105337
105338
105369
105372
105373
105374
105375
105376
105377
105378
105379
105380
105381
105382
105413
105416
105417
105418
105419
105420
105421
105422
105423
105424
105425
105426
105457
105460
105461
105462
105463
105464
105465
105466
105467
105468
105469
105470
105501
105504
105505
105506
105507
105508
105509
105510
105511
105512
105513
105514
105557
105559
105560
105561
105562
105563
105564
105565
105566
105567
105568
105569
105570
105573
105625
105627
105628
105629
105630
105631
105632
105633
105634
105635
105636
105637
105638
105639
105640
105641
105642
105645
105685
105688
105690
105691
105693
105694
105696
106358
106359
106361
106362
106363
106364
106365
106366
106367
106368
106369
106371
106424
106425
106426
106427
106428
106429
106430
106431
106432
106433
106434
106435
106436
106437
106438
106440
106441
106483
106484
106485
106486
106487
106488
106489
106490
106491
106492
106493
106494
106496
106497
106528
106531
106532
106533
106534
106535
106536
106537
106538
106539
106540
106541
106572
106575
106576
106577
106578
106579
106580
106581
106582
106583
106584
106585
106616
106619
106620
106621
106622
106623
106624
106625
106626
106627
106628
106629
106660
106663
106664
106665
106666
106667
106668
106669
106670
106671
106672
106673
106716
106718
106719
106720
106721
106722
106723
106724
106725
106726
106727
106728
106729
106732
106784
106786
106787
106788
106789
106790
106791
106792
106793
106794
106795
106796
106797
106798
106799
106800
106801
106804
106844
106847
106849
106850
106852
106853
106855
107517
107518
107520
107521
107522
107523
107524
107525
107526
107527
107528
107530
107583
107584
107585
107586
107587
107588
107589
107590
107591
107592
107593
107594
107595
107596
107597
107599
107600
107642
107643
107644
107645
107646
107647
107648
107649
107650
107651
107652
107653
107655
107656
107687
107690
107691
107692
107693
107694
107695
107696
107697
107698
107699
107700
107731
107734
107735
107736
107737
107738
107739
107740
107741
107742
107743
107744
107775
107778
107779
107780
107781
107782
107783
107784
107785
107786
107787
107788
107819
107822
107823
107824
107825
107826
107827
107828
107829
107830
107831
107832
107875
107877
107878
107879
107880
107881
107882
107883
107884
107885
107886
107887
107888
107891
107943
107945
107946
107947
107948
107949
107950
107951
107952
107953
107954
107955
107956
107957
107958
107959
107960
107963
108003
108006
108008
108009
108011
108012
108014
108676
108677
108679
108680
108681
108682
108683
108684
108685
108686
108687
108689
108742
108743
108744
108745
108746
108747
108748
108749
108750
108751
108752
108753
108754
108755
108756
108758
108759
108801
108802
108803
108804
108805
108806
108807
108808
108809
108810
108811
108812
108814
108815
108846
108849
108850
108851
108852
108853
108854
108855
108856
108857
108858
108859
108890
108893
108894
108895
108896
108897
108898
108899
108900
108901
108902
108903
108934
108937
108938
108939
108940
108941
108942
108943
108944
108945
108946
108947
108978
108981
108982
108983
108984
108985
108986
108987
108988
108989
108990
108991
109034
109036
109037
109038
109039
109040
109041
109042
109043
109044
109045
109046
109047
109050
109102
109104
109105
109106
109107
109108
109109
109110
109111
109112
109113
109114
109115
109116
109117
109118
109119
109122
109162
109165
109167
109168
109170
109171
109173
109835
109836
109838
109839
109840
109841
109842
109843
109844
109845
109846
109848
109901
109902
109903
109904
109905
109906
109907
109908
109909
109910
109911
109912
109913
109914
109915
109917
109918
109960
109961
109962
109963
109964
109965
109966
109967
109968
109969
109970
109971
109973
109974
110005
110008
110009
110010
110011
110012
110013
110014
110015
110016
110017
110018
110049
110052
110053
110054
110055
110056
110057
110058
110059
110060
110061
110062
110093
110096
110097
110098
110099
110100
110101
110102
110103
110104
110105
110106
110137
110140
110141
110142
110143
110144
110145
110146
110147
110148
110149
110150
110193
110195
110196
110197
110198
110199
110200
110201
110202
110203
110204
110205
110206
110209
110261
110263
110264
110265
110266
110267
110268
110269
110270
110271
110272
110273
110274
110275
110276
110277
110278
110281
110321
110324
110326
110327
110329
110330
110332
110994
110995
110997
110998
110999
111000
111001
111002
111003
111004
111005
111007
111060
111061
111062
111063
111064
111065
111066
111067
111068
111069
111070
111071
111072
111073
111074
111076
111077
111119
111120
111121
111122
111123
111124
111125
111126
111127
111128
111129
111130
111132
111133
111164
111167
111168
111169
111170
111171
111172
111173
111174
111175
111176
111177
111208
111211
111212
111213
111214
111215
111216
111217
111218
111219
111220
111221
111252
111255
111256
111257
111258
111259
111260
111261
111262
111263
111264
111265
111296
111299
111300
111301
111302
111303
111304
111305
111306
111307
111308
111309
111352
111354
111355
111356
111357
111358
111359
111360
111361
111362
111363
111364
111365
111368
111420
111422
111423
111424
111425
111426
111427
111428
111429
111430
111431
111432
111433
111434
111435
111436
111437
111440
111480
111483
111485
111486
111488
111489
111491
112153
112154
112156
112157
112158
112159
112160
112161
112162
112163
112164
112166
112219
112220
112221
112222
112223
112224
112225
112226
112227
112228
112229
112230
112231
112232
112233
112235
112236
112278
112279
112280
112281
112282
112283
112284
112285
112286
112287
112288
112289
112291
112292
112323
112326
112327
112328
112329
112330
112331
112332
112333
112334
112335
112336
112367
112370
112371
112372
112373
112374
112375
112376
112377
112378
112379
112380
112411
112414
112415
112416
112417
112418
112419
112420
112421
112422
112423
112424
112455
112458
112459
112460
112461
112462
112463
112464
112465
112466
112467
112468
112511
112513
112514
112515
112516
112517
112518
112519
112520
112521
112522
112523
112524
112527
112579
112581
112582
112583
112584
112585
112586
112587
112588
112589
112590
112591
112592
112593
112594
112595
112596
112599
112639
112642
112644
112645
112647
112648
112650
113312
113313
113315
113316
113317
113318
113319
113320
113321
113322
113323
113325
113378
113379
113380
113381
113382
113383
113384
113385
113386
113387
113388
113389
113390
113391
113392
113394
113395
113437
113438
113439
113440
113441
113442
113443
113444
113445
113446
113447
113448
113450
113451
113482
113485
113486
113487
113488
113489
113490
113491
113492
113493
113494
113495
113526
113529
113530
113531
113532
113533
113534
113535
113536
113537
113538
113539
113570
113573
113574
113575
113576
113577
113578
113579
113580
113581
113582
113583
113614
113617
113618
113619
113620
113621
113622
113623
113624
113625
113626
113627
113670
113672
113673
113674
113675
113676
113677
113678
113679
113680
113681
113682
113683
113686
113738
113740
113741
113742
113743
113744
113745
113746
113747
113748
113749
113750
113751
113752
113753
113754
113755
113758
113798
113801
113803
113804
113806
113807
113809
114471
114472
114474
114475
114476
114477
114478
114479
114480
114481
114482
114484
114537
114538
114539
114540
114541
114542
114543
114544
114545
114546
114547
114548
114549
114550
114551
114553
114554
114596
114597
114598
114599
114600
114601
114602
114603
114604
114605
114606
114607
114609
114610
114641
114644
114645
114646
114647
114648
114649
114650
114651
114652
114653
114654
114685
114688
114689
114690
114691
114692
114693
114694
114695
114696
114697
114698
114729
114732
114733
114734
114735
114736
114737
114738
114739
114740
114741
114742
114773
114776
114777
114778
114779
114780
114781
114782
114783
114784
114785
114786
114829
114831
114832
114833
114834
114835
114836
114837
114838
114839
114840
114841
114842
114845
114897
114899
114900
114901
114902
114903
114904
114905
114906
114907
114908
114909
114910
114911
114912
114913
114914
114917
114957
114960
114962
114963
114965
114966
114968
115630
115631
115633
115634
115635
115636
115637
115638
115639
115640
115641
115643
115696
115697
115698
115699
115700
115701
115702
115703
115704
115705
115706
115707
115708
115709
115710
115712
115713
115755
115756
115757
115758
115759
115760
115761
115762
115763
115764
115765
115766
115768
115769
115800
115803
115804
115805
115806
115807
115808
115809
115810
115811
115812
115813
115844
115847
115848
115849
115850
115851
115852
115853
115854
115855
115856
115857
115888
115891
115892
115893
115894
115895
115896
115897
115898
115899
115900
115901
115932
115935
115936
115937
115938
115939
115940
115941
115942
115943
115944
115945
115988
115990
115991
115992
115993
115994
115995
115996
115997
115998
115999
116000
116001
116004
116056
116058
116059
116060
116061
116062
116063
116064
116065
116066
116067
116068
116069
116070
116071
116072
116073
116076
116116
116119
116121
116122
116124
116125
116127
116789
116790
116792
116793
116794
116795
116796
116797
116798
116799
116800
116802
116855
116856
116857
116858
116859
116860
116861
116862
116863
116864
116865
116866
116867
116868
116869
116871
116872
116914
116915
116916
116917
116918
116919
116920
116921
116922
116923
116924
116925
116927
116928
116959
116962
116963
116964
116965
116966
116967
116968
116969
116970
116971
116972
117003
117006
117007
117008
117009
117010
117011
117012
117013
117014
117015
117016
117047
117050
117051
117052
117053
117054
117055
117056
117057
117058
117059
117060
117091
117094
117095
117096
117097
117098
117099
117100
117101
117102
117103
117104
117147
117149
117150
117151
117152
117153
117154
117155
117156
117157
117158
117159
117160
117163
117215
117217
117218
117219
117220
117221
117222
117223
117224
117225
117226
117227
117228
117229
117230
117231
117232
117235
117275
117278
117280
117281
117283
117284
117286
117948
117949
117951
117952
117953
117954
117955
117956
117957
117958
117959
117961
118014
118015
118016
118017
118018
118019
118020
118021
118022
118023
118024
118025
118026
118027
118028
118030
118031
118073
118074
118075
118076
118077
118078
118079
118080
118081
118082
118083
118084
118086
118087
118118
118121
118122
118123
118124
118125
118126
118127
118128
118129
118130
118131
118162
118165
118166
118167
118168
118169
118170
118171
118172
118173
118174
118175
118206
118209
118210
118211
118212
118213
118214
118215
118216
118217
118218
118219
118250
118253
118254
118255
118256
118257
118258
118259
118260
118261
118262
118263
118306
118308
118309
118310
118311
118312
118313
118314
118315
118316
118317
118318
118319
118322
118374
118376
118377
118378
118379
118380
118381
118382
118383
118384
118385
118386
118387
118388
118389
118390
118391
118394
118434
118437
118439
118440
118442
118443
118445
119107
119108
119110
119111
119112
119113
119114
119115
119116
119117
119118
119120
119173
119174
119175
119176
119177
119178
119179
119180
119181
119182
119183
119184
119185
119186
119187
119189
119190
119232
119233
119234
119235
119236
119237
119238
119239
119240
119241
119242
119243
119245
119246
119277
119280
119281
119282
119283
119284
119285
119286
119287
119288
119289
119290
119321
119324
119325
119326
119327
119328
119329
119330
119331
119332
119333
119334
119365
119368
119369
119370
119371
119372
119373
119374
119375
119376
119377
119378
119409
119412
119413
119414
119415
119416
119417
119418
119419
119420
119421
119422
119465
119467
119468
119469
119470
119471
119472
119473
119474
119475
119476
119477
119478
119481
119533
119535
119536
119537
119538
119539
119540
119541
119542
119543
119544
119545
119546
119547
119548
119549
119550
119553
119593
119596
119598
119599
119601
119602
119604
120266
120267
120269
120270
120271
120272
120273
120274
120275
120276
120277
120279
120332
120333
120334
120335
120336
120337
120338
120339
120340
120341
120342
120343
120344
120345
120346
120348
120349
120391
120392
120393
120394
120395
120396
120397
120398
120399
120400
120401
120402
120404
120405
120436
120439
120440
120441
120442
120443
120444
120445
120446
120447
120448
120449
120480
120483
120484
120485
120486
120487
120488
120489
120490
120491
120492
120493
120524
120527
120528
120529
120530
120531
120532
120533
120534
120535
120536
120537
120568
120571
120572
120573
120574
120575
120576
120577
120578
120579
120580
120581
120624
120626
120627
120628
120629
120630
120631
120632
120633
120634
120635
120636
120637
120640
120692
120694
120695
120696
120697
120698
120699
120700
120701
120702
120703
120704
120705
120706
120707
120708
120709
120712
120752
120755
120757
120758
120760
120761
120763
121425
121426
121428
121429
121430
121431
121432
121433
121434
121435
121436
121438
121491
121492
121493
121494
121495
121496
121497
121498
121499
121500
121501
121502
121503
121504
121505
121507
121508
121550
121551
121552
121553
121554
121555
121556
121557
121558
121559
121560
121561
121563
121564
121595
121598
121599
121600
121601
121602
121603
121604
121605
121606
121607
121608
121639
121642
121643
121644
121645
121646
121647
121648
121649
121650
121651
121652
121683
121686
121687
121688
121689
121690
121691
121692
121693
121694
121695
121696
121727
121730
121731
121732
121733
121734
121735
121736
121737
121738
121739
121740
121783
121785
121786
121787
121788
121789
121790
121791
121792
121793
121794
121795
121796
121799
121851
121853
121854
121855
121856
121857
121858
121859
121860
121861
121862
121863
121864
121865
121866
121867
121868
121871
121911
121914
121916
121917
121919
121920
121922
122584
122585
122587
122588
122589
122590
122591
122592
122593
122594
122595
122597
122650
122651
122652
122653
122654
122655
122656
122657
122658
122659
122660
122661
122662
122663
122664
122666
122667
122709
122710
122711
122712
122713
122714
122715
122716
122717
122718
122719
122720
122722
122723
122754
122757
122758
122759
122760
122761
122762
122763
122764
122765
122766
122767
122798
122801
122802
122803
122804
122805
122806
122807
122808
122809
122810
122811
122842
122845
122846
122847
122848
122849
122850
122851
122852
122853
122854
122855
122886
122889
122890
122891
122892
122893
122894
122895
122896
122897
122898
122899
122942
122944
122945
122946
122947
122948
122949
122950
122951
122952
122953
122954
122955
122958
123010
123012
123013
123014
123015
123016
123017
123018
123019
123020
123021
123022
123023
123024
123025
123026
123027
123030
123070
123073
123075
123076
123078
123079
123081
123743
123744
123746
123747
123748
123749
123750
123751
123752
123753
123754
123756
123809
123810
123811
123812
123813
123814
123815
123816
123817
123818
123819
123820
123821
123822
123823
123825
123826
123868
123869
123870
123871
123872
123873
123874
123875
123876
123877
123878
123879
123881
123882
123913
123916
123917
123918
123919
123920
123921
123922
123923
123924
123925
123926
123957
123960
123961
123962
123963
123964
123965
123966
123967
123968
123969
123970
124001
124004
124005
124006
124007
124008
124009
124010
124011
124012
124013
124014
124045
124048
124049
124050
124051
124052
124053
124054
124055
124056
124057
124058
124101
124103
124104
124105
124106
124107
124108
124109
124110
124111
124112
124113
124114
124117
124169
124171
124172
124173
124174
124175
124176
124177
124178
124179
124180
124181
124182
124183
124184
124185
124186
124189
124229
124232
124234
124235
124237
124238
124240
124902
124903
124905
124906
124907
124908
124909
124910
124911
124912
124913
124915
124968
124969
124970
124971
124972
124973
124974
124975
124976
124977
124978
124979
124980
124981
124982
124984
124985
125027
125028
125029
125030
125031
125032
125033
125034
125035
125036
125037
125038
125040
125041
125072
125075
125076
125077
125078
125079
125080
125081
125082
125083
125084
125085
125116
125119
125120
125121
125122
125123
125124
125125
125126
125127
125128
125129
125160
125163
125164
125165
125166
125167
125168
125169
125170
125171
125172
125173
125204
125207
125208
125209
125210
125211
125212
125213
125214
125215
125216
125217
125260
125262
125263
125264
125265
125266
125267
125268
125269
125270
125271
125272
125273
125276
125328
125330
125331
125332
125333
125334
125335
125336
125337
125338
125339
125340
125341
125342
125343
125344
125345
125348
125388
125391
125393
125394
125396
125397
125399
126061
126062
126064
126065
126066
126067
126068
126069
126070
126071
126072
126074
126127
126128
126129
126130
126131
126132
126133
126134
126135
126136
126137
126138
126139
126140
126141
126143
126144
126186
126187
126188
126189
126190
126191
126192
126193
126194
126195
126196
126197
126199
126200
126231
126234
126235
126236
126237
126238
126239
126240
126241
126242
126243
126244
126275
126278
126279
126280
126281
126282
126283
126284
126285
126286
126287
126288
126319
126322
126323
126324
126325
126326
126327
126328
126329
126330
126331
126332
126363
126366
126367
126368
126369
126370
126371
126372
126373
126374
126375
126376
126419
126421
126422
126423
126424
126425
126426
126427
126428
126429
126430
126431
126432
126435
126487
126489
126490
126491
126492
126493
126494
126495
126496
126497
126498
126499
126500
126501
126502
126503
126504
126507
126547
126550
126552
126553
126555
126556
126558
127220
127221
127223
127224
127225
127226
127227
127228
127229
127230
127231
127233
127286
127287
127288
127289
127290
127291
127292
127293
127294
127295
127296
127297
127298
127299
127300
127302
127303
127345
127346
127347
127348
127349
127350
127351
127352
127353
127354
127355
127356
127358
127359
127390
127393
127394
127395
127396
127397
127398
127399
127400
127401
127402
127403
127434
127437
127438
127439
127440
127441
127442
127443
127444
127445
127446
127447
127478
127481
127482
127483
127484
127485
127486
127487
127488
127489
127490
127491
127522
127525
127526
127527
127528
127529
127530
127531
127532
127533
127534
127535
127578
127580
127581
127582
127583
127584
127585
127586
127587
127588
127589
127590
127591
127594
127646
127648
127649
127650
127651
127652
127653
127654
127655
127656
127657
127658
127659
127660
127661
127662
127663
127666
127706
127709
127711
127712
127714
127715
127717
128379
128380
128382
128383
128384
128385
128386
128387
128388
128389
128390
128392
128445
128446
128447
128448
128449
128450
128451
128452
128453
128454
128455
128456
128457
128458
128459
128461
128462
128504
128505
128506
128507
128508
128509
128510
128511
128512
128513
128514
128515
128517
128518
128549
128552
128553
128554
128555
128556
128557
128558
128559
128560
128561
128562
128593
128596
128597
128598
128599
128600
128601
128602
128603
128604
128605
128606
128637
128640
128641
128642
128643
128644
128645
128646
128647
128648
128649
128650
128681
128684
128685
128686
128687
128688
128689
128690
128691
128692
128693
128694
128737
128739
128740
128741
128742
128743
128744
128745
128746
128747
128748
128749
128750
128753
128805
128807
128808
128809
128810
128811
128812
128813
128814
128815
128816
128817
128818
128819
128820
128821
128822
128825
128865
128868
128870
128871
128873
128874
128876
129805
129806
129808
129809
129810
129811
129812
129813
129814
129815
129816
129818
129877
129878
129879
129880
129881
129882
129883
129884
129885
129886
129887
129888
129889
129890
129891
129892
129893
129894
129896
129897
129963
129964
129965
129966
129967
129968
129969
129970
129971
129972
129973
129974
129975
129976
129977
129978
129979
129980
129981
129982
129983
129984
129985
129986
129988
129989
130052
130055
130056
130057
130058
130059
130060
130061
130062
130063
130064
130065
130066
130067
130068
130069
130070
130071
130072
130073
130074
130075
130076
130077
130078
130079
130080
130081
130144
130147
130148
130149
130150
130151
130152
130153
130154
130155
130156
130157
130158
130159
130160
130161
130162
130163
130164
130165
130166
130167
130168
130169
130170
130171
130172
130173
130236
130239
130240
130241
130242
130243
130244
130245
130246
130247
130248
130249
130250
130251
130252
130253
130254
130255
130256
130257
130258
130259
130260
130261
130262
130263
130264
130265
130328
130331
130332
130333
130334
130335
130336
130337
130338
130339
130340
130341
130342
130343
130344
130345
130346
130347
130348
130349
130350
130351
130352
130353
130354
130355
130356
130357
130420
130422
130423
130424
130425
130426
130427
130428
130429
130430
130431
130432
130433
130434
130435
130436
130437
130438
130439
130440
130441
130442
130443
130446
130498
130500
130501
130502
130503
130504
130505
130506
130507
130508
130509
130510
130511
130512
130513
130514
130515
130518
130558
130561
130563
130564
130566
130567
130569
130964
130965
130966
130991
130992
130993
130994
130995
130996
130997
130998
130999
131000
131001
131002
131039
131040
131041
131042
131043
131044
131045
131046
131047
131048
131049
131050
131051
131052
131053
131054
131055
131056
131101
131102
131103
131104
131105
131106
131107
131108
131109
131110
131111
131112
131113
131114
131115
131116
131117
131118
131119
131120
131121
131122
131167
131168
131169
131170
131171
131172
131173
131174
131175
131176
131177
131178
131179
131180
131181
131182
131183
131184
131185
131186
131187
131188
131221
131222
131223
131224
131225
131226
131227
131228
131229
131230
131231
131232
131233
131234
131235
131236
131257
131258
131259
131260
131261
131262
131263
131264
131265
131266
132325
132328
132331
132334
132381
132382
132383
132384
132385
132386
132387
132388
132389
132390
132391
132392
132393
132394
132395
132397
132398
132434
132435
132436
132437
132438
132439
132440
132441
132442
132443
132445
132446
132475
132476
132478
132479
132480
132481
132482
132483
132484
132486
132515
132516
132517
132518
132519
132520
132521
132522
132523
132524
132526
132527
132555
132556
132557
132558
132559
132560
132561
132562
132563
132564
132566
132567
132595
132596
132597
132598
132599
132600
132601
132602
132603
132604
132606
132607
132639
132642
132643
132644
132645
132646
132647
132648
132649
132650
132691
132693
132694
132695
132696
132697
132698
132699
132700
132701
132702
132703
132704
132707
132747
132749
132750
132751
132752
132753
132754
132755
132756
132757
132758
132759
132760
132761
132764
133322
133325
133328
133331
133378
133379
133380
133381
133382
133383
133384
133385
133386
133387
133388
133389
133390
133391
133392
133394
133395
133431
133432
133433
133434
133435
133436
133437
133438
133439
133440
133442
133443
133472
133473
133475
133476
133477
133478
133479
133480
133481
133483
133512
133513
133514
133515
133516
133517
133518
133519
133520
133521
133523
133524
133552
133553
133554
133555
133556
133557
133558
133559
133560
133561
133563
133564
133592
133593
133594
133595
133596
133597
133598
133599
133600
133601
133603
133604
133636
133639
133640
133641
133642
133643
133644
133645
133646
133647
133688
133690
133691
133692
133693
133694
133695
133696
133697
133698
133699
133700
133701
133704
133744
133746
133747
133748
133749
133750
133751
133752
133753
133754
133755
133756
133757
133758
133761
134319
134322
134325
134328
134375
134376
134377
134378
134379
134380
134381
134382
134383
134384
134385
134386
134387
134388
134389
134391
134392
134428
134429
134430
134431
134432
134433
134434
134435
134436
134437
134439
134440
134469
134470
134472
134473
134474
134475
134476
134477
134478
134480
134509
134510
134511
134512
134513
134514
134515
134516
134517
134518
134520
134521
134549
134550
134551
134552
134553
134554
134555
134556
134557
134558
134560
134561
134589
134590
134591
134592
134593
134594
134595
134596
134597
134598
134600
134601
134633
134636
134637
134638
134639
134640
134641
134642
134643
134644
134685
134687
134688
134689
134690
134691
134692
134693
134694
134695
134696
134697
134698
134701
134741
134743
134744
134745
134746
134747
134748
134749
134750
134751
134752
134753
134754
134755
134758
135316
135319
135322
135325
135372
135373
135374
135375
135376
135377
135378
135379
135380
135381
135382
135383
135384
135385
135386
135388
135389
135425
135426
135427
135428
135429
135430
135431
135432
135433
135434
135436
135437
135466
135467
135469
135470
135471
135472
135473
135474
135475
135477
135506
135507
135508
135509
135510
135511
135512
135513
135514
135515
135517
135518
135546
135547
135548
135549
135550
135551
135552
135553
135554
135555
135557
135558
135586
135587
135588
135589
135590
135591
135592
135593
135594
135595
135597
135598
135630
135633
135634
135635
135636
135637
135638
135639
135640
135641
135682
135684
135685
135686
135687
135688
135689
135690
135691
135692
135693
135694
135695
135698
135738
135740
135741
135742
135743
135744
135745
135746
135747
135748
135749
135750
135751
135752
135755
136313
136316
136319
136322
136369
136370
136371
136372
136373
136374
136375
136376
136377
136378
136379
136380
136381
136382
136383
136385
136386
136422
136423
136424
136425
136426
136427
136428
136429
136430
136431
136433
136434
136463
136464
136466
136467
136468
136469
136470
136471
136472
136474
136503
136504
136505
136506
136507
136508
136509
136510
136511
136512
136514
136515
136543
136544
136545
136546
136547
136548
136549
136550
136551
136552
136554
136555
136583
136584
136585
136586
136587
136588
136589
136590
136591
136592
136594
136595
136627
136630
136631
136632
136633
136634
136635
136636
136637
136638
136679
136681
136682
136683
136684
136685
136686
136687
136688
136689
136690
136691
136692
136695
136735
136737
136738
136739
136740
136741
136742
136743
136744
136745
136746
136747
136748
136749
136752
137310
137313
137316
137319
137366
137367
137368
137369
137370
137371
137372
137373
137374
137375
137376
137377
137378
137379
137380
137382
137383
137419
137420
137421
137422
137423
137424
137425
137426
137427
137428
137430
137431
137460
137461
137463
137464
137465
137466
137467
137468
137469
137471
137500
137501
137502
137503
137504
137505
137506
137507
137508
137509
137511
137512
137540
137541
137542
137543
137544
137545
137546
137547
137548
137549
137551
137552
137580
137581
137582
137583
137584
137585
137586
137587
137588
137589
137591
137592
137624
137627
137628
137629
137630
137631
137632
137633
137634
137635
137676
137678
137679
137680
137681
137682
137683
137684
137685
137686
137687
137688
137689
137692
137732
137734
137735
137736
137737
137738
137739
137740
137741
137742
137743
137744
137745
137746
137749
138307
138310
138313
138316
138363
138364
138365
138366
138367
138368
138369
138370
138371
138372
138373
138374
138375
138376
138377
138379
138380
138416
138417
138418
138419
138420
138421
138422
138423
138424
138425
138427
138428
138457
138458
138460
138461
138462
138463
138464
138465
138466
138468
138497
138498
138499
138500
138501
138502
138503
138504
138505
138506
138508
138509
138537
138538
138539
138540
138541
138542
138543
138544
138545
138546
138548
138549
138577
138578
138579
138580
138581
138582
138583
138584
138585
138586
138588
138589
138621
138624
138625
138626
138627
138628
138629
138630
138631
138632
138673
138675
138676
138677
138678
138679
138680
138681
138682
138683
138684
138685
138686
138689
138729
138731
138732
138733
138734
138735
138736
138737
138738
138739
138740
138741
138742
138743
138746
139304
139307
139310
139313
139360
139361
139362
139363
139364
139365
139366
139367
139368
139369
139370
139371
139372
139373
139374
139376
139377
139413
139414
139415
139416
139417
139418
139419
139420
139421
139422
139424
139425
139454
139455
139457
139458
139459
139460
139461
139462
139463
139465
139494
139495
139496
139497
139498
139499
139500
139501
139502
139503
139505
139506
139534
139535
139536
139537
139538
139539
139540
139541
139542
139543
139545
139546
139574
139575
139576
139577
139578
139579
139580
139581
139582
139583
139585
139586
139618
139621
139622
139623
139624
139625
139626
139627
139628
139629
139670
139672
139673
139674
139675
139676
139677
139678
139679
139680
139681
139682
139683
139686
139726
139728
139729
139730
139731
139732
139733
139734
139735
139736
139737
139738
139739
139740
139743
140301
140304
140307
140310
140357
140358
140359
140360
140361
140362
140363
140364
140365
140366
140367
140368
140369
140370
140371
140373
140374
140410
140411
140412
140413
140414
140415
140416
140417
140418
140419
140421
140422
140451
140452
140454
140455
140456
140457
140458
140459
140460
140462
140491
140492
140493
140494
140495
140496
140497
140498
140499
140500
140502
140503
140531
140532
140533
140534
140535
140536
140537
140538
140539
140540
140542
140543
140571
140572
140573
140574
140575
140576
140577
140578
140579
140580
140582
140583
140615
140618
140619
140620
140621
140622
140623
140624
140625
140626
140667
140669
140670
140671
140672
140673
140674
140675
140676
140677
140678
140679
140680
140683
140723
140725
140726
140727
140728
140729
140730
140731
140732
140733
140734
140735
140736
140737
140740
141298
141301
141304
141307
141354
141355
141356
141357
141358
141359
141360
141361
141362
141363
141364
141365
141366
141367
141368
141370
141371
141407
141408
141409
141410
141411
141412
141413
141414
141415
141416
141418
141419
141448
141449
141451
141452
141453
141454
141455
141456
141457
141459
141488
141489
141490
141491
141492
141493
141494
141495
141496
141497
141499
141500
141528
141529
141530
141531
141532
141533
141534
141535
141536
141537
141539
141540
141568
141569
141570
141571
141572
141573
141574
141575
141576
141577
141579
141580
141612
141615
141616
141617
141618
141619
141620
141621
141622
141623
141664
141666
141667
141668
141669
141670
141671
141672
141673
141674
141675
141676
141677
141680
141720
141722
141723
141724
141725
141726
141727
141728
141729
141730
141731
141732
141733
141734
141737
142295
142298
142301
142304
142351
142352
142353
142354
142355
142356
142357
142358
142359
142360
142361
142362
142363
142364
142365
142367
142368
142404
142405
142406
142407
142408
142409
142410
142411
142412
142413
142415
142416
142445
142446
142448
142449
142450
142451
142452
142453
142454
142456
142485
142486
142487
142488
142489
142490
142491
142492
142493
142494
142496
142497
142525
142526
142527
142528
142529
142530
142531
142532
142533
142534
142536
142537
142565
142566
142567
142568
142569
142570
142571
142572
142573
142574
142576
142577
142609
142612
142613
142614
142615
142616
142617
142618
142619
142620
142661
142663
142664
142665
142666
142667
142668
142669
142670
142671
142672
142673
142674
142677
142717
142719
142720
142721
142722
142723
142724
142725
142726
142727
142728
142729
142730
142731
142734
143292
143295
143298
143301
143348
143349
143350
143351
143352
143353
143354
143355
143356
143357
143358
143359
143360
143361
143362
143364
143365
143401
143402
143403
143404
143405
143406
143407
143408
143409
143410
143412
143413
143442
143443
143445
143446
143447
143448
143449
143450
143451
143453
143482
143483
143484
143485
143486
143487
143488
143489
143490
143491
143493
143494
143522
143523
143524
143525
143526
143527
143528
143529
143530
143531
143533
143534
143562
143563
143564
143565
143566
143567
143568
143569
143570
143571
143573
143574
143606
143609
143610
143611
143612
143613
143614
143615
143616
143617
143658
143660
143661
143662
143663
143664
143665
143666
143667
143668
143669
143670
143671
143674
143714
143716
143717
143718
143719
143720
143721
143722
143723
143724
143725
143726
143727
143728
143731
144289
144292
144295
144298
144345
144346
144347
144348
144349
144350
144351
144352
144353
144354
144355
144356
144357
144358
144359
144361
144362
144398
144399
144400
144401
144402
144403
144404
144405
144406
144407
144409
144410
144439
144440
144442
144443
144444
144445
144446
144447
144448
144450
144479
144480
144481
144482
144483
144484
144485
144486
144487
144488
144490
144491
144519
144520
144521
144522
144523
144524
144525
144526
144527
144528
144530
144531
144559
144560
144561
144562
144563
144564
144565
144566
144567
144568
144570
144571
144603
144606
144607
144608
144609
144610
144611
144612
144613
144614
144655
144657
144658
144659
144660
144661
144662
144663
144664
144665
144666
144667
144668
144671
144711
144713
144714
144715
144716
144717
144718
144719
144720
144721
144722
144723
144724
144725
144728
145286
145289
145292
145295
145342
145343
145344
145345
145346
145347
145348
145349
145350
145351
145352
145353
145354
145355
145356
145358
145359
145395
145396
145397
145398
145399
145400
145401
145402
145403
145404
145406
145407
145436
145437
145439
145440
145441
145442
145443
145444
145445
145447
145476
145477
145478
145479
145480
145481
145482
145483
145484
145485
145487
145488
145516
145517
145518
145519
145520
145521
145522
145523
145524
145525
145527
145528
145556
145557
145558
145559
145560
145561
145562
145563
145564
145565
145567
145568
145600
145603
145604
145605
145606
145607
145608
145609
145610
145611
145652
145654
145655
145656
145657
145658
145659
145660
145661
145662
145663
145664
145665
145668
145708
145710
145711
145712
145713
145714
145715
145716
145717
145718
145719
145720
145721
145722
145725
146283
146286
146289
146292
146339
146340
146341
146342
146343
146344
146345
146346
146347
146348
146349
146350
146351
146352
146353
146355
146356
146392
146393
146394
146395
146396
146397
146398
146399
146400
146401
146403
146404
146433
146434
146436
146437
146438
146439
146440
146441
146442
146444
146473
146474
146475
146476
146477
146478
146479
146480
146481
146482
146484
146485
146513
146514
146515
146516
146517
146518
146519
146520
146521
146522
146524
146525
146553
146554
146555
146556
146557
146558
146559
146560
146561
146562
146564
146565
146597
146600
146601
146602
146603
146604
146605
146606
146607
146608
146649
146651
146652
146653
146654
146655
146656
146657
146658
146659
146660
146661
146662
146665
146705
146707
146708
146709
146710
146711
146712
146713
146714
146715
146716
146717
146718
146719
146722
147280
147283
147286
147289
147336
147337
147338
147339
147340
147341
147342
147343
147344
147345
147346
147347
147348
147349
147350
147352
147353
147389
147390
147391
147392
147393
147394
147395
147396
147397
147398
147400
147401
147430
147431
147433
147434
147435
147436
147437
147438
147439
147441
147470
147471
147472
147473
147474
147475
147476
147477
147478
147479
147481
147482
147510
147511
147512
147513
147514
147515
147516
147517
147518
147519
147521
147522
147550
147551
147552
147553
147554
147555
147556
147557
147558
147559
147561
147562
147594
147597
147598
147599
147600
147601
147602
147603
147604
147605
147646
147648
147649
147650
147651
147652
147653
147654
147655
147656
147657
147658
147659
147662
147702
147704
147705
147706
147707
147708
147709
147710
147711
147712
147713
147714
147715
147716
147719
148277
148280
148283
148286
148333
148334
148335
148336
148337
148338
148339
148340
148341
148342
148343
148344
148345
148346
148347
148349
148350
148386
148387
148388
148389
148390
148391
148392
148393
148394
148395
148397
148398
148427
148428
148430
148431
148432
148433
148434
148435
148436
148438
148467
148468
148469
148470
148471
148472
148473
148474
148475
148476
148478
148479
148507
148508
148509
148510
148511
148512
148513
148514
148515
148516
148518
148519
148547
148548
148549
148550
148551
148552
148553
148554
148555
148556
148558
148559
148591
148594
148595
148596
148597
148598
148599
148600
148601
148602
148643
148645
148646
148647
148648
148649
148650
148651
148652
148653
148654
148655
148656
148659
148699
148701
148702
148703
148704
148705
148706
148707
148708
148709
148710
148711
148712
148713
148716
149274
149277
149280
149283
149330
149331
149332
149333
149334
149335
149336
149337
149338
149339
149340
149341
149342
149343
149344
149346
149347
149383
149384
149385
149386
149387
149388
149389
149390
149391
149392
149394
149395
149424
149425
149427
149428
149429
149430
149431
149432
149433
149435
149464
149465
149466
149467
149468
149469
149470
149471
149472
149473
149475
149476
149504
149505
149506
149507
149508
149509
149510
149511
149512
149513
149515
149516
149544
149545
149546
149547
149548
149549
149550
149551
149552
149553
149555
149556
149588
149591
149592
149593
149594
149595
149596
149597
149598
149599
149640
149642
149643
149644
149645
149646
149647
149648
149649
149650
149651
149652
149653
149656
149696
149698
149699
149700
149701
149702
149703
149704
149705
149706
149707
149708
149709
149710
149713
150271
150274
150277
150280
150327
150328
150329
150330
150331
150332
150333
150334
150335
150336
150337
150338
150339
150340
150341
150343
150344
150380
150381
150382
150383
150384
150385
150386
150387
150388
150389
150391
150392
150421
150422
150424
150425
150426
150427
150428
150429
150430
150432
150461
150462
150463
150464
150465
150466
150467
150468
150469
150470
150472
150473
150501
150502
150503
150504
150505
150506
150507
150508
150509
150510
150512
150513
150541
150542
150543
150544
150545
150546
150547
150548
150549
150550
150552
150553
150585
150588
150589
150590
150591
150592
150593
150594
150595
150596
150637
150639
150640
150641
150642
150643
150644
150645
150646
150647
150648
150649
150650
150653
150693
150695
150696
150697
150698
150699
150700
150701
150702
150703
150704
150705
150706
150707
150710
151268
151271
151274
151277
151324
151325
151326
151327
151328
151329
151330
151331
151332
151333
151334
151335
151336
151337
151338
151340
151341
151377
151378
151379
151380
151381
151382
151383
151384
151385
151386
151388
151389
151418
151419
151421
151422
151423
151424
151425
151426
151427
151429
151458
151459
151460
151461
151462
151463
151464
151465
151466
151467
151469
151470
151498
151499
151500
151501
151502
151503
151504
151505
151506
151507
151509
151510
151538
151539
151540
151541
151542
151543
151544
151545
151546
151547
151549
151550
151582
151585
151586
151587
151588
151589
151590
151591
151592
151593
151634
151636
151637
151638
151639
151640
151641
151642
151643
151644
151645
151646
151647
151650
151690
151692
151693
151694
151695
151696
151697
151698
151699
151700
151701
151702
151703
151704
151707
152265
152268
152271
152274
152321
152322
152323
152324
152325
152326
152327
152328
152329
152330
152331
152332
152333
152334
152335
152337
152338
152374
152375
152376
152377
152378
152379
152380
152381
152382
152383
152385
152386
152415
152416
152418
152419
152420
152421
152422
152423
152424
152426
152455
152456
152457
152458
152459
152460
152461
152462
152463
152464
152466
152467
152495
152496
152497
152498
152499
152500
152501
152502
152503
152504
152506
152507
152535
152536
152537
152538
152539
152540
152541
152542
152543
152544
152546
152547
152579
152582
152583
152584
152585
152586
152587
152588
152589
152590
152631
152633
152634
152635
152636
152637
152638
152639
152640
152641
152642
152643
152644
152647
152687
152689
152690
152691
152692
152693
152694
152695
152696
152697
152698
152699
152700
152701
152704
153262
153265
153268
153271
153318
153319
153320
153321
153322
153323
153324
153325
153326
153327
153328
153329
153330
153331
153332
153334
153335
153371
153372
153373
153374
153375
153376
153377
153378
153379
153380
153382
153383
153412
153413
153415
153416
153417
153418
153419
153420
153421
153423
153452
153453
153454
153455
153456
153457
153458
153459
153460
153461
153463
153464
153492
153493
153494
153495
153496
153497
153498
153499
153500
153501
153503
153504
153532
153533
153534
153535
153536
153537
153538
153539
153540
153541
153543
153544
153576
153579
153580
153581
153582
153583
153584
153585
153586
153587
153628
153630
153631
153632
153633
153634
153635
153636
153637
153638
153639
153640
153641
153644
153684
153686
153687
153688
153689
153690
153691
153692
153693
153694
153695
153696
153697
153698
153701
154259
154262
154265
154268
154315
154316
154317
154318
154319
154320
154321
154322
154323
154324
154325
154326
154327
154328
154329
154331
154332
154368
154369
154370
154371
154372
154373
154374
154375
154376
154377
154379
154380
154409
154410
154412
154413
154414
154415
154416
154417
154418
154420
154449
154450
154451
154452
154453
154454
154455
154456
154457
154458
154460
154461
154489
154490
154491
154492
154493
154494
154495
154496
154497
154498
154500
154501
154529
154530
154531
154532
154533
154534
154535
154536
154537
154538
154540
154541
154573
154576
154577
154578
154579
154580
154581
154582
154583
154584
154625
154627
154628
154629
154630
154631
154632
154633
154634
154635
154636
154637
154638
154641
154681
154683
154684
154685
154686
154687
154688
154689
154690
154691
154692
154693
154694
154695
154698
155256
155259
155262
155265
155312
155313
155314
155315
155316
155317
155318
155319
155320
155321
155322
155323
155324
155325
155326
155328
155329
155365
155366
155367
155368
155369
155370
155371
155372
155373
155374
155376
155377
155406
155407
155409
155410
155411
155412
155413
155414
155415
155417
155446
155447
155448
155449
155450
155451
155452
155453
155454
155455
155457
155458
155486
155487
155488
155489
155490
155491
155492
155493
155494
155495
155497
155498
155526
155527
155528
155529
155530
155531
155532
155533
155534
155535
155537
155538
155570
155573
155574
155575
155576
155577
155578
155579
155580
155581
155622
155624
155625
155626
155627
155628
155629
155630
155631
155632
155633
155634
155635
155638
155678
155680
155681
155682
155683
155684
155685
155686
155687
155688
155689
155690
155691
155692
155695
156253
156256
156259
156262
156309
156310
156311
156312
156313
156314
156315
156316
156317
156318
156319
156320
156321
156322
156323
156325
156326
156362
156363
156364
156365
156366
156367
156368
156369
156370
156371
156373
156374
156403
156404
156406
156407
156408
156409
156410
156411
156412
156414
156443
156444
156445
156446
156447
156448
156449
156450
156451
156452
156454
156455
156483
156484
156485
156486
156487
156488
156489
156490
156491
156492
156494
156495
156523
156524
156525
156526
156527
156528
156529
156530
156531
156532
156534
156535
156567
156570
156571
156572
156573
156574
156575
156576
156577
156578
156619
156621
156622
156623
156624
156625
156626
156627
156628
156629
156630
156631
156632
156635
156675
156677
156678
156679
156680
156681
156682
156683
156684
156685
156686
156687
156688
156689
156692
157250
157253
157256
157259
157306
157307
157308
157309
157310
157311
157312
157313
157314
157315
157316
157317
157318
157319
157320
157322
157323
157359
157360
157361
157362
157363
157364
157365
157366
157367
157368
157370
157371
157400
157401
157403
157404
157405
157406
157407
157408
157409
157411
157440
157441
157442
157443
157444
157445
157446
157447
157448
157449
157451
157452
157480
157481
157482
157483
157484
157485
157486
157487
157488
157489
157491
157492
157520
157521
157522
157523
157524
157525
157526
157527
157528
157529
157531
157532
157564
157567
157568
157569
157570
157571
157572
157573
157574
157575
157616
157618
157619
157620
157621
157622
157623
157624
157625
157626
157627
157628
157629
157632
157672
157674
157675
157676
157677
157678
157679
157680
157681
157682
157683
157684
157685
157686
157689
158247
158250
158253
158256
158303
158304
158305
158306
158307
158308
158309
158310
158311
158312
158313
158314
158315
158316
158317
158319
158320
158356
158357
158358
158359
158360
158361
158362
158363
158364
158365
158367
158368
158397
158398
158400
158401
158402
158403
158404
158405
158406
158408
158437
158438
158439
158440
158441
158442
158443
158444
158445
158446
158448
158449
158477
158478
158479
158480
158481
158482
158483
158484
158485
158486
158488
158489
158517
158518
158519
158520
158521
158522
158523
158524
158525
158526
158528
158529
158561
158564
158565
158566
158567
158568
158569
158570
158571
158572
158613
158615
158616
158617
158618
158619
158620
158621
158622
158623
158624
158625
158626
158629
158669
158671
158672
158673
158674
158675
158676
158677
158678
158679
158680
158681
158682
158683
158686
159244
159247
159250
159253
159300
159301
159302
159303
159304
159305
159306
159307
159308
159309
159310
159311
159312
159313
159314
159316
159317
159353
159354
159355
159356
159357
159358
159359
159360
159361
159362
159364
159365
159394
159395
159397
159398
159399
159400
159401
159402
159403
159405
159434
159435
159436
159437
159438
159439
159440
159441
159442
159443
159445
159446
159474
159475
159476
159477
159478
159479
159480
159481
159482
159483
159485
159486
159514
159515
159516
159517
159518
159519
159520
159521
159522
159523
159525
159526
159558
159561
159562
159563
159564
159565
159566
159567
159568
159569
159610
159612
159613
159614
159615
159616
159617
159618
159619
159620
159621
159622
159623
159626
159666
159668
159669
159670
159671
159672
159673
159674
159675
159676
159677
159678
159679
159680
159683
160241
160244
160247
160250
160297
160298
160299
160300
160301
160302
160303
160304
160305
160306
160307
160308
160309
160310
160311
160313
160314
160350
160351
160352
160353
160354
160355
160356
160357
160358
160359
160361
160362
160391
160392
160394
160395
160396
160397
160398
160399
160400
160402
160431
160432
160433
160434
160435
160436
160437
160438
160439
160440
160442
160443
160471
160472
160473
160474
160475
160476
160477
160478
160479
160480
160482
160483
160511
160512
160513
160514
160515
160516
160517
160518
160519
160520
160522
160523
160555
160558
160559
160560
160561
160562
160563
160564
160565
160566
160607
160609
160610
160611
160612
160613
160614
160615
160616
160617
160618
160619
160620
160623
160663
160665
160666
160667
160668
160669
160670
160671
160672
160673
160674
160675
160676
160677
160680
161238
161241
161244
161247
161294
161295
161296
161297
161298
161299
161300
161301
161302
161303
161304
161305
161306
161307
161308
161310
161311
161347
161348
161349
161350
161351
161352
161353
161354
161355
161356
161358
161359
161388
161389
161391
161392
161393
161394
161395
161396
161397
161399
161428
161429
161430
161431
161432
161433
161434
161435
161436
161437
161439
161440
161468
161469
161470
161471
161472
161473
161474
161475
161476
161477
161479
161480
161508
161509
161510
161511
161512
161513
161514
161515
161516
161517
161519
161520
161552
161555
161556
161557
161558
161559
161560
161561
161562
161563
161604
161606
161607
161608
161609
161610
161611
161612
161613
161614
161615
161616
161617
161620
161660
161662
161663
161664
161665
161666
161667
161668
161669
161670
161671
161672
161673
161674
161677
162349
162352
162355
162358
162405
162406
162407
162408
162409
162410
162411
162412
162413
162414
162415
162416
162417
162418
162419
162421
162422
162466
162467
162468
162469
162470
162471
162472
162473
162474
162475
162476
162477
162478
162479
162481
162482
162523
162524
162526
162527
162528
162529
162530
162531
162532
162533
162534
162535
162536
162537
162538
162540
162581
162582
162583
162584
162585
162586
162587
162588
162589
162590
162591
162592
162593
162594
162595
162596
162598
162599
162639
162640
162641
162642
162643
162644
162645
162646
162647
162648
162649
162650
162651
162652
162653
162654
162656
162657
162697
162698
162699
162700
162701
162702
162703
162704
162705
162706
162707
162708
162709
162710
162711
162712
162714
162715
162759
162762
162763
162764
162765
162766
162767
162768
162769
162770
162771
162772
162773
162774
162775
162776
162825
162827
162828
162829
162830
162831
162832
162833
162834
162835
162836
162837
162838
162839
162840
162841
162842
162845
162885
162887
162888
162889
162890
162891
162892
162893
162894
162895
162896
162897
162898
162899
162902
163657
163660
163662
163664
163699
163700
163701
163702
163703
163704
163705
163706
163707
163708
163710
163760
163761
163762
163763
163764
163765
163766
163767
163768
163769
163770
163771
163772
163773
163774
163775
163776
163777
163779
163834
163835
163836
163837
163838
163839
163840
163841
163842
163843
163844
163845
163846
163847
163848
163849
163850
163851
163852
163853
163854
163855
163856
163857
163859
163917
163918
163919
163920
163921
163922
163923
163924
163925
163926
163927
163928
163929
163930
163931
163932
163933
163934
163935
163936
163937
163938
163939
163940
163941
163942
163944
164002
164003
164004
164005
164006
164007
164008
164009
164010
164011
164012
164013
164014
164015
164016
164017
164018
164019
164020
164021
164022
164023
164024
164025
164026
164027
164029
164087
164088
164089
164090
164091
164092
164093
164094
164095
164096
164097
164098
164099
164100
164101
164102
164103
164104
164105
164106
164107
164108
164109
164110
164111
164112
164114
164168
164170
164171
164172
164173
164174
164175
164176
164177
164178
164179
164180
164181
164182
164183
164184
164185
164186
164187
164188
164189
164190
164191
164237
164239
164240
164241
164242
164243
164244
164245
164246
164247
164248
164249
164250
164251
164252
164253
164254
164284
164286
164287
164288
164289
164290
164291
164292
164293
164759
164760
164762
164763
164765
164766
164768
164804
164805
164807
164808
164810
164811
164813
164814
164816
164817
164819
164867
164868
164870
164871
164873
164874
164876
164877
164879
164880
164882
164883
164885
164886
164888
164936
164937
164939
164940
164942
164943
164945
164946
164948
164949
164951
164952
164954
164955
164957
165001
165003
165004
165006
165007
165009
165010
165012
165013
165015
165016
165018
165019
165052
165054
165055
165057
165058
165060
165061
165063
165064
165081
165083
165085
165317
165318
165319
165328
165329
165330
165331
165332
165333
165334
165339
165340
165341
165342
165347
165348
165354
165355
165361
165362
165368
165369
165375
165376
165377
165378
165386
165387
165388
165389
165390
165391
165392
165399
165400
165401
165472
165473
165490
165491
165574
165575
165592
165593
165676
165677
165694
165695
165778
165779
165796
165797
165880
165881
165898
165899
165982
165983
166000
166001
166084
166085
166102
166103
166186
166187
166204
166205
166288
166289
166306
166307
166390
166391
166408
166409
166492
166493
166510
166511
166594
166595
166612
166613
166696
166697
166714
166715
166798
166799
166816
166817
166900
166901
166918
166919
167002
167003
167020
167021
167104
167105
167122
167123
167206
167207
167224
167225
167308
167309
167326
167327
167410
167411
167428
167429
167512
167513
167530
167531
167614
167615
167632
167633
167716
167717
167734
167735
167818
167819
167836
167837
167920
167921
167938
167939
168022
168023
168040
168041
168124
168125
168142
168143
168226
168227
168244
168245
168328
168329
168346
168347
168430
168431
168448
168449
168532
168533
168550
168551
169344
169345
169357
169358
169359
169360
169398
169399
169400
169401
169402
169403
169630
169631
169643
169644
169645
169646
169684
169685
169686
169687
169688
169689
169916
169917
169929
169930
169931
169932
169970
169971
169972
169973
169974
169975
170202
170203
170215
170216
170217
170218
170256
170257
170258
170259
170260
170261
170488
170489
170501
170502
170503
170504
170542
170543
170544
170545
170546
170547
170774
170775
170787
170788
170789
170790
170828
170829
170830
170831
170832
170833
171060
171061
171073
171074
171075
171076
171114
171115
171116
171117
171118
171119
171346
171347
171359
171360
171361
171362
171400
171401
171402
171403
171404
171405
171632
171633
171645
171646
171647
171648
171686
171687
171688
171689
171690
171691
171918
171919
171931
171932
171933
171934
171972
171973
171974
171975
171976
171977
172204
172205
172217
172218
172219
172220
172258
172259
172260
172261
172262
172263
172490
172491
172503
172504
172505
172506
172544
172545
172546
172547
172548
172549
172776
172777
172789
172790
172791
172792
172830
172831
172832
172833
172834
172835
173062
173063
173075
173076
173077
173078
173116
173117
173118
173119
173120
173121
173348
173349
173361
173362
173363
173364
173402
173403
173404
173405
173406
173407
173634
173635
173647
173648
173649
173650
173688
173689
173690
173691
173692
173693
173920
173921
173933
173934
173935
173936
173974
173975
173976
173977
173978
173979
174206
174207
174219
174220
174221
174222
174260
174261
174262
174263
174264
174265
174492
174493
174505
174506
174507
174508
174546
174547
174548
174549
174550
174551
174778
174779
174791
174792
174793
174794
174832
174833
174834
174835
174836
174837
175064
175065
175077
175078
175079
175080
175118
175119
175120
175121
175122
175123
175350
175351
175363
175364
175365
175366
175404
175405
175406
175407
175408
175409
175636
175637
175649
175650
175651
175652
175690
175691
175692
175693
175694
175695
175922
175923
175935
175936
175937
175938
175976
175977
175978
175979
175980
175981
176208
176209
176221
176222
176223
176224
176262
176263
176264
176265
176266
176267
176494
176495
176507
176508
176509
176510
176548
176549
176550
176551
176552
176553
176780
176781
176793
176794
176795
176796
176834
176835
176836
176837
176838
176839
177066
177067
177079
177080
177081
177082
177120
177121
177122
177123
177124
177125
177352
177353
177365
177366
177367
177368
177406
177407
177408
177409
177410
177411
177638
177639
177651
177652
177653
177654
177692
177693
177694
177695
177696
177697
177924
177925
177937
177938
177939
177940
177978
177979
177980
177981
177982
177983
180341
180342
180343
180344
180345
180346
180373
180374
180396
180397
180398
180399
180637
180638
180639
180640
180641
180642
180669
180670
180692
180693
180694
180695
180933
180934
180935
180936
180937
180938
180965
180966
180988
180989
180990
180991
181229
181230
181231
181232
181233
181234
181261
181262
181284
181285
181286
181287
181525
181526
181527
181528
181529
181530
181557
181558
181580
181581
181582
181583
181821
181822
181823
181824
181825
181826
181853
181854
181876
181877
181878
181879
182117
182118
182119
182120
182121
182122
182149
182150
182172
182173
182174
182175
182413
182414
182415
182416
182417
182418
182445
182446
182468
182469
182470
182471
182709
182710
182711
182712
182713
182714
182741
182742
182764
182765
182766
182767
183005
183006
183007
183008
183009
183010
183037
183038
183060
183061
183062
183063
183301
183302
183303
183304
183305
183306
183333
183334
183356
183357
183358
183359
183597
183598
183599
183600
183601
183602
183629
183630
183652
183653
183654
183655
183893
183894
183895
183896
183897
183898
183925
183926
183948
183949
183950
183951
184189
184190
184191
184192
184193
184194
184221
184222
184244
184245
184246
184247
184485
184486
184487
184488
184489
184490
184517
184518
184540
184541
184542
184543
184781
184782
184783
184784
184785
184786
184813
184814
184836
184837
184838
184839
185077
185078
185079
185080
185081
185082
185109
185110
185132
185133
185134
185135
185373
185374
185375
185376
185377
185378
185405
185406
185428
185429
185430
185431
185669
185670
185671
185672
185673
185674
185701
185702
185724
185725
185726
185727
185965
185966
185967
185968
185969
185970
185997
185998
186020
186021
186022
186023
186261
186262
186263
186264
186265
186266
186293
186294
186316
186317
186318
186319
186557
186558
186559
186560
186561
186562
186589
186590
186612
186613
186614
186615
186853
186854
186855
186856
186857
186858
186885
186886
186908
186909
186910
186911
187149
187150
187151
187152
187153
187154
187181
187182
187204
187205
187206
187207
187445
187446
187447
187448
187449
187450
187477
187478
187500
187501
187502
187503
187741
187742
187743
187744
187745
187746
187773
187774
187796
187797
187798
187799
188037
188038
188039
188040
188041
188042
188069
188070
188092
188093
188094
188095
188333
188334
188335
188336
188337
188338
188365
188366
188388
188389
188390
188391
188629
188630
188631
188632
188633
188634
188661
188662
188684
188685
188686
188687
188925
188926
188927
188928
188929
188930
188957
188958
188980
188981
188982
188983
189205
189206
189207
189208
189235
189236
189254
189255
191256
191257
191260
191261
)


// ************************************************************************* //
