/*--------------------------------*- C++ -*----------------------------------*\
| =========                 |                                                 |
| \\      /  F ield         | OpenFOAM: The Open Source CFD Toolbox           |
|  \\    /   O peration     | Version:  2606                                  |
|   \\  /    A nd           | Website:  www.openfoam.com                      |
|    \\/     M anipulation  |                                                 |
\*---------------------------------------------------------------------------*/
FoamFile
{
    version     2.0;
    format      ascii;
    arch        "LSB;label=32;scalar=64";
    class       labelList;
    location    "constant/cell3/polyMesh";
    object      cellRegionAddressing;
}
// * * * * * * * * * * * * * * * * * * * * * * * * * * * * * * * * * * * * * //


9262
(
1114
1115
1116
1202
1203
1204
1205
1206
1207
1291
1292
1293
1294
1295
1296
1297
1298
1381
1382
1383
1384
1385
1386
1387
1388
1389
1471
1472
1473
1474
1475
1476
1477
1478
1479
1561
1562
1563
1564
1565
1566
1567
1568
1569
1651
1652
1653
1654
1655
1656
1657
1658
1742
1743
1744
1745
1746
1747
1748
1833
1834
1835
1836
1837
3184
3185
3186
3272
3273
3274
3275
3276
3277
3361
3362
3363
3364
3365
3366
3367
3368
3451
3452
3453
3454
3455
3456
3457
3458
3459
3541
3542
3543
3544
3545
3546
3547
3548
3549
3631
3632
3633
3634
3635
3636
3637
3638
3639
3721
3722
3723
3724
3725
3726
3727
3728
3812
3813
3814
3815
3816
3817
3818
3903
3904
3905
3906
3907
5254
5255
5256
5342
5343
5344
5345
5346
5347
5431
5432
5433
5434
5435
5436
5437
5438
5521
5522
5523
5524
5525
5526
5527
5528
5529
5611
5612
5613
5614
5615
5616
5617
5618
5619
5701
5702
5703
5704
5705
5706
5707
5708
5709
5791
5792
5793
5794
5795
5796
5797
5798
5882
5883
5884
5885
5886
5887
5888
5973
5974
5975
5976
5977
7324
7325
7326
7412
7413
7414
7415
7416
7417
7501
7502
7503
7504
7505
7506
7507
7508
7591
7592
7593
7594
7595
7596
7597
7598
7599
7681
7682
7683
7684
7685
7686
7687
7688
7689
7771
7772
7773
7774
7775
7776
7777
7778
7779
7861
7862
7863
7864
7865
7866
7867
7868
7952
7953
7954
7955
7956
7957
7958
8043
8044
8045
8046
8047
9394
9395
9396
9482
9483
9484
9485
9486
9487
9571
9572
9573
9574
9575
9576
9577
9578
9661
9662
9663
9664
9665
9666
9667
9668
9669
9751
9752
9753
9754
9755
9756
9757
9758
9759
9841
9842
9843
9844
9845
9846
9847
9848
9849
9931
9932
9933
9934
9935
9936
9937
9938
10022
10023
10024
10025
10026
10027
10028
10113
10114
10115
10116
10117
11464
11465
11466
11552
11553
11554
11555
11556
11557
11641
11642
11643
11644
11645
11646
11647
11648
11731
11732
11733
11734
11735
11736
11737
11738
11739
11821
11822
11823
11824
11825
11826
11827
11828
11829
11911
11912
11913
11914
11915
11916
11917
11918
11919
12001
12002
12003
12004
12005
12006
12007
12008
12092
12093
12094
12095
12096
12097
12098
12183
12184
12185
12186
12187
13534
13535
13536
13622
13623
13624
13625
13626
13627
13711
13712
13713
13714
13715
13716
13717
13718
13801
13802
13803
13804
13805
13806
13807
13808
13809
13891
13892
13893
13894
13895
13896
13897
13898
13899
13981
13982
13983
13984
13985
13986
13987
13988
13989
14071
14072
14073
14074
14075
14076
14077
14078
14162
14163
14164
14165
14166
14167
14168
14253
14254
14255
14256
14257
15604
15605
15606
15692
15693
15694
15695
15696
15697
15781
15782
15783
15784
15785
15786
15787
15788
15871
15872
15873
15874
15875
15876
15877
15878
15879
15961
15962
15963
15964
15965
15966
15967
15968
15969
16051
16052
16053
16054
16055
16056
16057
16058
16059
16141
16142
16143
16144
16145
16146
16147
16148
16232
16233
16234
16235
16236
16237
16238
16323
16324
16325
16326
16327
17674
17675
17676
17762
17763
17764
17765
17766
17767
17851
17852
17853
17854
17855
17856
17857
17858
17941
17942
17943
17944
17945
17946
17947
17948
17949
18031
18032
18033
18034
18035
18036
18037
18038
18039
18121
18122
18123
18124
18125
18126
18127
18128
18129
18211
18212
18213
18214
18215
18216
18217
18218
18302
18303
18304
18305
18306
18307
18308
18393
18394
18395
18396
18397
19744
19745
19746
19832
19833
19834
19835
19836
19837
19921
19922
19923
19924
19925
19926
19927
19928
20011
20012
20013
20014
20015
20016
20017
20018
20019
20101
20102
20103
20104
20105
20106
20107
20108
20109
20191
20192
20193
20194
20195
20196
20197
20198
20199
20281
20282
20283
20284
20285
20286
20287
20288
20372
20373
20374
20375
20376
20377
20378
20463
20464
20465
20466
20467
21814
21815
21816
21902
21903
21904
21905
21906
21907
21991
21992
21993
21994
21995
21996
21997
21998
22081
22082
22083
22084
22085
22086
22087
22088
22089
22171
22172
22173
22174
22175
22176
22177
22178
22179
22261
22262
22263
22264
22265
22266
22267
22268
22269
22351
22352
22353
22354
22355
22356
22357
22358
22442
22443
22444
22445
22446
22447
22448
22533
22534
22535
22536
22537
23884
23885
23886
23972
23973
23974
23975
23976
23977
24061
24062
24063
24064
24065
24066
24067
24068
24151
24152
24153
24154
24155
24156
24157
24158
24159
24241
24242
24243
24244
24245
24246
24247
24248
24249
24331
24332
24333
24334
24335
24336
24337
24338
24339
24421
24422
24423
24424
24425
24426
24427
24428
24512
24513
24514
24515
24516
24517
24518
24603
24604
24605
24606
24607
25954
25955
25956
26042
26043
26044
26045
26046
26047
26131
26132
26133
26134
26135
26136
26137
26138
26221
26222
26223
26224
26225
26226
26227
26228
26229
26311
26312
26313
26314
26315
26316
26317
26318
26319
26401
26402
26403
26404
26405
26406
26407
26408
26409
26491
26492
26493
26494
26495
26496
26497
26498
26582
26583
26584
26585
26586
26587
26588
26673
26674
26675
26676
26677
28024
28025
28026
28112
28113
28114
28115
28116
28117
28201
28202
28203
28204
28205
28206
28207
28208
28291
28292
28293
28294
28295
28296
28297
28298
28299
28381
28382
28383
28384
28385
28386
28387
28388
28389
28471
28472
28473
28474
28475
28476
28477
28478
28479
28561
28562
28563
28564
28565
28566
28567
28568
28652
28653
28654
28655
28656
28657
28658
28743
28744
28745
28746
28747
30094
30095
30096
30182
30183
30184
30185
30186
30187
30271
30272
30273
30274
30275
30276
30277
30278
30361
30362
30363
30364
30365
30366
30367
30368
30369
30451
30452
30453
30454
30455
30456
30457
30458
30459
30541
30542
30543
30544
30545
30546
30547
30548
30549
30631
30632
30633
30634
30635
30636
30637
30638
30722
30723
30724
30725
30726
30727
30728
30813
30814
30815
30816
30817
32164
32165
32166
32252
32253
32254
32255
32256
32257
32341
32342
32343
32344
32345
32346
32347
32348
32431
32432
32433
32434
32435
32436
32437
32438
32439
32521
32522
32523
32524
32525
32526
32527
32528
32529
32611
32612
32613
32614
32615
32616
32617
32618
32619
32701
32702
32703
32704
32705
32706
32707
32708
32792
32793
32794
32795
32796
32797
32798
32883
32884
32885
32886
32887
34234
34235
34236
34322
34323
34324
34325
34326
34327
34411
34412
34413
34414
34415
34416
34417
34418
34501
34502
34503
34504
34505
34506
34507
34508
34509
34591
34592
34593
34594
34595
34596
34597
34598
34599
34681
34682
34683
34684
34685
34686
34687
34688
34689
34771
34772
34773
34774
34775
34776
34777
34778
34862
34863
34864
34865
34866
34867
34868
34953
34954
34955
34956
34957
36304
36305
36306
36392
36393
36394
36395
36396
36397
36481
36482
36483
36484
36485
36486
36487
36488
36571
36572
36573
36574
36575
36576
36577
36578
36579
36661
36662
36663
36664
36665
36666
36667
36668
36669
36751
36752
36753
36754
36755
36756
36757
36758
36759
36841
36842
36843
36844
36845
36846
36847
36848
36932
36933
36934
36935
36936
36937
36938
37023
37024
37025
37026
37027
38374
38375
38376
38462
38463
38464
38465
38466
38467
38551
38552
38553
38554
38555
38556
38557
38558
38641
38642
38643
38644
38645
38646
38647
38648
38649
38731
38732
38733
38734
38735
38736
38737
38738
38739
38821
38822
38823
38824
38825
38826
38827
38828
38829
38911
38912
38913
38914
38915
38916
38917
38918
39002
39003
39004
39005
39006
39007
39008
39093
39094
39095
39096
39097
40444
40445
40446
40532
40533
40534
40535
40536
40537
40621
40622
40623
40624
40625
40626
40627
40628
40711
40712
40713
40714
40715
40716
40717
40718
40719
40801
40802
40803
40804
40805
40806
40807
40808
40809
40891
40892
40893
40894
40895
40896
40897
40898
40899
40981
40982
40983
40984
40985
40986
40987
40988
41072
41073
41074
41075
41076
41077
41078
41163
41164
41165
41166
41167
42514
42515
42516
42602
42603
42604
42605
42606
42607
42691
42692
42693
42694
42695
42696
42697
42698
42781
42782
42783
42784
42785
42786
42787
42788
42789
42871
42872
42873
42874
42875
42876
42877
42878
42879
42961
42962
42963
42964
42965
42966
42967
42968
42969
43051
43052
43053
43054
43055
43056
43057
43058
43142
43143
43144
43145
43146
43147
43148
43233
43234
43235
43236
43237
44584
44585
44586
44672
44673
44674
44675
44676
44677
44761
44762
44763
44764
44765
44766
44767
44768
44851
44852
44853
44854
44855
44856
44857
44858
44859
44941
44942
44943
44944
44945
44946
44947
44948
44949
45031
45032
45033
45034
45035
45036
45037
45038
45039
45121
45122
45123
45124
45125
45126
45127
45128
45212
45213
45214
45215
45216
45217
45218
45303
45304
45305
45306
45307
46654
46655
46656
46742
46743
46744
46745
46746
46747
46831
46832
46833
46834
46835
46836
46837
46838
46921
46922
46923
46924
46925
46926
46927
46928
46929
47011
47012
47013
47014
47015
47016
47017
47018
47019
47101
47102
47103
47104
47105
47106
47107
47108
47109
47191
47192
47193
47194
47195
47196
47197
47198
47282
47283
47284
47285
47286
47287
47288
47373
47374
47375
47376
47377
48724
48725
48726
48812
48813
48814
48815
48816
48817
48901
48902
48903
48904
48905
48906
48907
48908
48991
48992
48993
48994
48995
48996
48997
48998
48999
49081
49082
49083
49084
49085
49086
49087
49088
49089
49171
49172
49173
49174
49175
49176
49177
49178
49179
49261
49262
49263
49264
49265
49266
49267
49268
49352
49353
49354
49355
49356
49357
49358
49443
49444
49445
49446
49447
50794
50795
50796
50882
50883
50884
50885
50886
50887
50971
50972
50973
50974
50975
50976
50977
50978
51061
51062
51063
51064
51065
51066
51067
51068
51069
51151
51152
51153
51154
51155
51156
51157
51158
51159
51241
51242
51243
51244
51245
51246
51247
51248
51249
51331
51332
51333
51334
51335
51336
51337
51338
51422
51423
51424
51425
51426
51427
51428
51513
51514
51515
51516
51517
52864
52865
52866
52952
52953
52954
52955
52956
52957
53041
53042
53043
53044
53045
53046
53047
53048
53131
53132
53133
53134
53135
53136
53137
53138
53139
53221
53222
53223
53224
53225
53226
53227
53228
53229
53311
53312
53313
53314
53315
53316
53317
53318
53319
53401
53402
53403
53404
53405
53406
53407
53408
53492
53493
53494
53495
53496
53497
53498
53583
53584
53585
53586
53587
54934
54935
54936
55022
55023
55024
55025
55026
55027
55111
55112
55113
55114
55115
55116
55117
55118
55201
55202
55203
55204
55205
55206
55207
55208
55209
55291
55292
55293
55294
55295
55296
55297
55298
55299
55381
55382
55383
55384
55385
55386
55387
55388
55389
55471
55472
55473
55474
55475
55476
55477
55478
55562
55563
55564
55565
55566
55567
55568
55653
55654
55655
55656
55657
57004
57005
57006
57092
57093
57094
57095
57096
57097
57181
57182
57183
57184
57185
57186
57187
57188
57271
57272
57273
57274
57275
57276
57277
57278
57279
57361
57362
57363
57364
57365
57366
57367
57368
57369
57451
57452
57453
57454
57455
57456
57457
57458
57459
57541
57542
57543
57544
57545
57546
57547
57548
57632
57633
57634
57635
57636
57637
57638
57723
57724
57725
57726
57727
59074
59075
59076
59162
59163
59164
59165
59166
59167
59251
59252
59253
59254
59255
59256
59257
59258
59341
59342
59343
59344
59345
59346
59347
59348
59349
59431
59432
59433
59434
59435
59436
59437
59438
59439
59521
59522
59523
59524
59525
59526
59527
59528
59529
59611
59612
59613
59614
59615
59616
59617
59618
59702
59703
59704
59705
59706
59707
59708
59793
59794
59795
59796
59797
61144
61145
61146
61232
61233
61234
61235
61236
61237
61321
61322
61323
61324
61325
61326
61327
61328
61411
61412
61413
61414
61415
61416
61417
61418
61419
61501
61502
61503
61504
61505
61506
61507
61508
61509
61591
61592
61593
61594
61595
61596
61597
61598
61599
61681
61682
61683
61684
61685
61686
61687
61688
61772
61773
61774
61775
61776
61777
61778
61863
61864
61865
61866
61867
63214
63215
63216
63302
63303
63304
63305
63306
63307
63391
63392
63393
63394
63395
63396
63397
63398
63481
63482
63483
63484
63485
63486
63487
63488
63489
63571
63572
63573
63574
63575
63576
63577
63578
63579
63661
63662
63663
63664
63665
63666
63667
63668
63669
63751
63752
63753
63754
63755
63756
63757
63758
63842
63843
63844
63845
63846
63847
63848
63933
63934
63935
63936
63937
65284
65285
65286
65372
65373
65374
65375
65376
65377
65461
65462
65463
65464
65465
65466
65467
65468
65551
65552
65553
65554
65555
65556
65557
65558
65559
65641
65642
65643
65644
65645
65646
65647
65648
65649
65731
65732
65733
65734
65735
65736
65737
65738
65739
65821
65822
65823
65824
65825
65826
65827
65828
65912
65913
65914
65915
65916
65917
65918
66003
66004
66005
66006
66007
67354
67355
67356
67442
67443
67444
67445
67446
67447
67531
67532
67533
67534
67535
67536
67537
67538
67621
67622
67623
67624
67625
67626
67627
67628
67629
67711
67712
67713
67714
67715
67716
67717
67718
67719
67801
67802
67803
67804
67805
67806
67807
67808
67809
67891
67892
67893
67894
67895
67896
67897
67898
67982
67983
67984
67985
67986
67987
67988
68073
68074
68075
68076
68077
75250
75255
75256
75257
75262
75263
75264
75269
75270
75271
75277
75278
75284
75376
75381
75382
75383
75388
75389
75390
75396
75465
75466
75467
75472
75473
75474
75542
75544
75550
75584
75586
75592
75626
75628
75634
75675
75676
75677
75682
75683
75684
75752
75759
75760
75761
75766
75767
75768
75836
75843
75845
75850
75851
75852
75857
75858
75859
75864
75865
77000
77004
77005
77006
77007
77009
77010
77011
77012
77013
77014
77015
77016
77017
77018
77019
77020
77021
77022
77023
77024
77025
77027
77028
77029
77031
77032
77034
77038
77126
77130
77131
77132
77133
77134
77135
77136
77137
77138
77139
77140
77141
77142
77143
77144
77146
77150
77215
77216
77217
77218
77219
77220
77221
77222
77223
77224
77225
77226
77227
77228
77292
77294
77296
77298
77299
77300
77301
77302
77303
77304
77305
77306
77307
77308
77309
77310
77311
77312
77314
77316
77318
77376
77378
77380
77382
77383
77384
77385
77386
77387
77388
77389
77390
77391
77392
77393
77394
77395
77396
77398
77400
77402
77460
77462
77464
77466
77467
77468
77469
77470
77471
77472
77473
77474
77475
77476
77477
77478
77479
77480
77482
77484
77486
77551
77552
77553
77554
77555
77556
77557
77558
77559
77560
77561
77562
77563
77564
77628
77632
77635
77636
77637
77638
77639
77640
77641
77642
77643
77644
77645
77646
77647
77648
77652
77712
77716
77719
77721
77722
77723
77725
77726
77727
77728
77729
77730
77731
77732
77733
77734
77735
77736
77737
77738
77739
77740
77741
77743
77744
77745
77750
78932
78936
78937
78938
78939
78941
78942
78943
78944
78945
78946
78947
78948
78949
78950
78951
78952
78953
78954
78955
78956
78957
78959
78960
78961
78963
78964
78966
78970
79058
79062
79063
79064
79065
79066
79067
79068
79069
79070
79071
79072
79073
79074
79075
79076
79078
79082
79147
79148
79149
79150
79151
79152
79153
79154
79155
79156
79157
79158
79159
79160
79224
79226
79228
79230
79231
79232
79233
79234
79235
79236
79237
79238
79239
79240
79241
79242
79243
79244
79246
79248
79250
79308
79310
79312
79314
79315
79316
79317
79318
79319
79320
79321
79322
79323
79324
79325
79326
79327
79328
79330
79332
79334
79392
79394
79396
79398
79399
79400
79401
79402
79403
79404
79405
79406
79407
79408
79409
79410
79411
79412
79414
79416
79418
79483
79484
79485
79486
79487
79488
79489
79490
79491
79492
79493
79494
79495
79496
79560
79564
79567
79568
79569
79570
79571
79572
79573
79574
79575
79576
79577
79578
79579
79580
79584
79644
79648
79651
79653
79654
79655
79657
79658
79659
79660
79661
79662
79663
79664
79665
79666
79667
79668
79669
79670
79671
79672
79673
79675
79676
79677
79682
80864
80868
80869
80870
80871
80873
80874
80875
80876
80877
80878
80879
80880
80881
80882
80883
80884
80885
80886
80887
80888
80889
80891
80892
80893
80895
80896
80898
80902
80990
80994
80995
80996
80997
80998
80999
81000
81001
81002
81003
81004
81005
81006
81007
81008
81010
81014
81079
81080
81081
81082
81083
81084
81085
81086
81087
81088
81089
81090
81091
81092
81156
81158
81160
81162
81163
81164
81165
81166
81167
81168
81169
81170
81171
81172
81173
81174
81175
81176
81178
81180
81182
81240
81242
81244
81246
81247
81248
81249
81250
81251
81252
81253
81254
81255
81256
81257
81258
81259
81260
81262
81264
81266
81324
81326
81328
81330
81331
81332
81333
81334
81335
81336
81337
81338
81339
81340
81341
81342
81343
81344
81346
81348
81350
81415
81416
81417
81418
81419
81420
81421
81422
81423
81424
81425
81426
81427
81428
81492
81496
81499
81500
81501
81502
81503
81504
81505
81506
81507
81508
81509
81510
81511
81512
81516
81576
81580
81583
81585
81586
81587
81589
81590
81591
81592
81593
81594
81595
81596
81597
81598
81599
81600
81601
81602
81603
81604
81605
81607
81608
81609
81614
82796
82800
82801
82802
82803
82805
82806
82807
82808
82809
82810
82811
82812
82813
82814
82815
82816
82817
82818
82819
82820
82821
82823
82824
82825
82827
82828
82830
82834
82922
82926
82927
82928
82929
82930
82931
82932
82933
82934
82935
82936
82937
82938
82939
82940
82942
82946
83011
83012
83013
83014
83015
83016
83017
83018
83019
83020
83021
83022
83023
83024
83088
83090
83092
83094
83095
83096
83097
83098
83099
83100
83101
83102
83103
83104
83105
83106
83107
83108
83110
83112
83114
83172
83174
83176
83178
83179
83180
83181
83182
83183
83184
83185
83186
83187
83188
83189
83190
83191
83192
83194
83196
83198
83256
83258
83260
83262
83263
83264
83265
83266
83267
83268
83269
83270
83271
83272
83273
83274
83275
83276
83278
83280
83282
83347
83348
83349
83350
83351
83352
83353
83354
83355
83356
83357
83358
83359
83360
83424
83428
83431
83432
83433
83434
83435
83436
83437
83438
83439
83440
83441
83442
83443
83444
83448
83508
83512
83515
83517
83518
83519
83521
83522
83523
83524
83525
83526
83527
83528
83529
83530
83531
83532
83533
83534
83535
83536
83537
83539
83540
83541
83546
84728
84732
84733
84734
84735
84737
84738
84739
84740
84741
84742
84743
84744
84745
84746
84747
84748
84749
84750
84751
84752
84753
84755
84756
84757
84759
84760
84762
84766
84854
84858
84859
84860
84861
84862
84863
84864
84865
84866
84867
84868
84869
84870
84871
84872
84874
84878
84943
84944
84945
84946
84947
84948
84949
84950
84951
84952
84953
84954
84955
84956
85020
85022
85024
85026
85027
85028
85029
85030
85031
85032
85033
85034
85035
85036
85037
85038
85039
85040
85042
85044
85046
85104
85106
85108
85110
85111
85112
85113
85114
85115
85116
85117
85118
85119
85120
85121
85122
85123
85124
85126
85128
85130
85188
85190
85192
85194
85195
85196
85197
85198
85199
85200
85201
85202
85203
85204
85205
85206
85207
85208
85210
85212
85214
85279
85280
85281
85282
85283
85284
85285
85286
85287
85288
85289
85290
85291
85292
85356
85360
85363
85364
85365
85366
85367
85368
85369
85370
85371
85372
85373
85374
85375
85376
85380
85440
85444
85447
85449
85450
85451
85453
85454
85455
85456
85457
85458
85459
85460
85461
85462
85463
85464
85465
85466
85467
85468
85469
85471
85472
85473
85478
86660
86664
86665
86666
86667
86669
86670
86671
86672
86673
86674
86675
86676
86677
86678
86679
86680
86681
86682
86683
86684
86685
86687
86688
86689
86691
86692
86694
86698
86786
86790
86791
86792
86793
86794
86795
86796
86797
86798
86799
86800
86801
86802
86803
86804
86806
86810
86875
86876
86877
86878
86879
86880
86881
86882
86883
86884
86885
86886
86887
86888
86952
86954
86956
86958
86959
86960
86961
86962
86963
86964
86965
86966
86967
86968
86969
86970
86971
86972
86974
86976
86978
87036
87038
87040
87042
87043
87044
87045
87046
87047
87048
87049
87050
87051
87052
87053
87054
87055
87056
87058
87060
87062
87120
87122
87124
87126
87127
87128
87129
87130
87131
87132
87133
87134
87135
87136
87137
87138
87139
87140
87142
87144
87146
87211
87212
87213
87214
87215
87216
87217
87218
87219
87220
87221
87222
87223
87224
87288
87292
87295
87296
87297
87298
87299
87300
87301
87302
87303
87304
87305
87306
87307
87308
87312
87372
87376
87379
87381
87382
87383
87385
87386
87387
87388
87389
87390
87391
87392
87393
87394
87395
87396
87397
87398
87399
87400
87401
87403
87404
87405
87410
88592
88596
88597
88598
88599
88601
88602
88603
88604
88605
88606
88607
88608
88609
88610
88611
88612
88613
88614
88615
88616
88617
88619
88620
88621
88623
88624
88626
88630
88718
88722
88723
88724
88725
88726
88727
88728
88729
88730
88731
88732
88733
88734
88735
88736
88738
88742
88807
88808
88809
88810
88811
88812
88813
88814
88815
88816
88817
88818
88819
88820
88884
88886
88888
88890
88891
88892
88893
88894
88895
88896
88897
88898
88899
88900
88901
88902
88903
88904
88906
88908
88910
88968
88970
88972
88974
88975
88976
88977
88978
88979
88980
88981
88982
88983
88984
88985
88986
88987
88988
88990
88992
88994
89052
89054
89056
89058
89059
89060
89061
89062
89063
89064
89065
89066
89067
89068
89069
89070
89071
89072
89074
89076
89078
89143
89144
89145
89146
89147
89148
89149
89150
89151
89152
89153
89154
89155
89156
89220
89224
89227
89228
89229
89230
89231
89232
89233
89234
89235
89236
89237
89238
89239
89240
89244
89304
89308
89311
89313
89314
89315
89317
89318
89319
89320
89321
89322
89323
89324
89325
89326
89327
89328
89329
89330
89331
89332
89333
89335
89336
89337
89342
90524
90528
90529
90530
90531
90533
90534
90535
90536
90537
90538
90539
90540
90541
90542
90543
90544
90545
90546
90547
90548
90549
90551
90552
90553
90555
90556
90558
90562
90650
90654
90655
90656
90657
90658
90659
90660
90661
90662
90663
90664
90665
90666
90667
90668
90670
90674
90739
90740
90741
90742
90743
90744
90745
90746
90747
90748
90749
90750
90751
90752
90816
90818
90820
90822
90823
90824
90825
90826
90827
90828
90829
90830
90831
90832
90833
90834
90835
90836
90838
90840
90842
90900
90902
90904
90906
90907
90908
90909
90910
90911
90912
90913
90914
90915
90916
90917
90918
90919
90920
90922
90924
90926
90984
90986
90988
90990
90991
90992
90993
90994
90995
90996
90997
90998
90999
91000
91001
91002
91003
91004
91006
91008
91010
91075
91076
91077
91078
91079
91080
91081
91082
91083
91084
91085
91086
91087
91088
91152
91156
91159
91160
91161
91162
91163
91164
91165
91166
91167
91168
91169
91170
91171
91172
91176
91236
91240
91243
91245
91246
91247
91249
91250
91251
91252
91253
91254
91255
91256
91257
91258
91259
91260
91261
91262
91263
91264
91265
91267
91268
91269
91274
92456
92460
92461
92462
92463
92465
92466
92467
92468
92469
92470
92471
92472
92473
92474
92475
92476
92477
92478
92479
92480
92481
92483
92484
92485
92487
92488
92490
92494
92582
92586
92587
92588
92589
92590
92591
92592
92593
92594
92595
92596
92597
92598
92599
92600
92602
92606
92671
92672
92673
92674
92675
92676
92677
92678
92679
92680
92681
92682
92683
92684
92748
92750
92752
92754
92755
92756
92757
92758
92759
92760
92761
92762
92763
92764
92765
92766
92767
92768
92770
92772
92774
92832
92834
92836
92838
92839
92840
92841
92842
92843
92844
92845
92846
92847
92848
92849
92850
92851
92852
92854
92856
92858
92916
92918
92920
92922
92923
92924
92925
92926
92927
92928
92929
92930
92931
92932
92933
92934
92935
92936
92938
92940
92942
93007
93008
93009
93010
93011
93012
93013
93014
93015
93016
93017
93018
93019
93020
93084
93088
93091
93092
93093
93094
93095
93096
93097
93098
93099
93100
93101
93102
93103
93104
93108
93168
93172
93175
93177
93178
93179
93181
93182
93183
93184
93185
93186
93187
93188
93189
93190
93191
93192
93193
93194
93195
93196
93197
93199
93200
93201
93206
94388
94392
94393
94394
94395
94397
94398
94399
94400
94401
94402
94403
94404
94405
94406
94407
94408
94409
94410
94411
94412
94413
94415
94416
94417
94419
94420
94422
94426
94514
94518
94519
94520
94521
94522
94523
94524
94525
94526
94527
94528
94529
94530
94531
94532
94534
94538
94603
94604
94605
94606
94607
94608
94609
94610
94611
94612
94613
94614
94615
94616
94680
94682
94684
94686
94687
94688
94689
94690
94691
94692
94693
94694
94695
94696
94697
94698
94699
94700
94702
94704
94706
94764
94766
94768
94770
94771
94772
94773
94774
94775
94776
94777
94778
94779
94780
94781
94782
94783
94784
94786
94788
94790
94848
94850
94852
94854
94855
94856
94857
94858
94859
94860
94861
94862
94863
94864
94865
94866
94867
94868
94870
94872
94874
94939
94940
94941
94942
94943
94944
94945
94946
94947
94948
94949
94950
94951
94952
95016
95020
95023
95024
95025
95026
95027
95028
95029
95030
95031
95032
95033
95034
95035
95036
95040
95100
95104
95107
95109
95110
95111
95113
95114
95115
95116
95117
95118
95119
95120
95121
95122
95123
95124
95125
95126
95127
95128
95129
95131
95132
95133
95138
96320
96324
96325
96326
96327
96329
96330
96331
96332
96333
96334
96335
96336
96337
96338
96339
96340
96341
96342
96343
96344
96345
96347
96348
96349
96351
96352
96354
96358
96446
96450
96451
96452
96453
96454
96455
96456
96457
96458
96459
96460
96461
96462
96463
96464
96466
96470
96535
96536
96537
96538
96539
96540
96541
96542
96543
96544
96545
96546
96547
96548
96612
96614
96616
96618
96619
96620
96621
96622
96623
96624
96625
96626
96627
96628
96629
96630
96631
96632
96634
96636
96638
96696
96698
96700
96702
96703
96704
96705
96706
96707
96708
96709
96710
96711
96712
96713
96714
96715
96716
96718
96720
96722
96780
96782
96784
96786
96787
96788
96789
96790
96791
96792
96793
96794
96795
96796
96797
96798
96799
96800
96802
96804
96806
96871
96872
96873
96874
96875
96876
96877
96878
96879
96880
96881
96882
96883
96884
96948
96952
96955
96956
96957
96958
96959
96960
96961
96962
96963
96964
96965
96966
96967
96968
96972
97032
97036
97039
97041
97042
97043
97045
97046
97047
97048
97049
97050
97051
97052
97053
97054
97055
97056
97057
97058
97059
97060
97061
97063
97064
97065
97070
98252
98256
98257
98258
98259
98261
98262
98263
98264
98265
98266
98267
98268
98269
98270
98271
98272
98273
98274
98275
98276
98277
98279
98280
98281
98283
98284
98286
98290
98378
98382
98383
98384
98385
98386
98387
98388
98389
98390
98391
98392
98393
98394
98395
98396
98398
98402
98467
98468
98469
98470
98471
98472
98473
98474
98475
98476
98477
98478
98479
98480
98544
98546
98548
98550
98551
98552
98553
98554
98555
98556
98557
98558
98559
98560
98561
98562
98563
98564
98566
98568
98570
98628
98630
98632
98634
98635
98636
98637
98638
98639
98640
98641
98642
98643
98644
98645
98646
98647
98648
98650
98652
98654
98712
98714
98716
98718
98719
98720
98721
98722
98723
98724
98725
98726
98727
98728
98729
98730
98731
98732
98734
98736
98738
98803
98804
98805
98806
98807
98808
98809
98810
98811
98812
98813
98814
98815
98816
98880
98884
98887
98888
98889
98890
98891
98892
98893
98894
98895
98896
98897
98898
98899
98900
98904
98964
98968
98971
98973
98974
98975
98977
98978
98979
98980
98981
98982
98983
98984
98985
98986
98987
98988
98989
98990
98991
98992
98993
98995
98996
98997
99002
100184
100188
100189
100190
100191
100193
100194
100195
100196
100197
100198
100199
100200
100201
100202
100203
100204
100205
100206
100207
100208
100209
100211
100212
100213
100215
100216
100218
100222
100310
100314
100315
100316
100317
100318
100319
100320
100321
100322
100323
100324
100325
100326
100327
100328
100330
100334
100399
100400
100401
100402
100403
100404
100405
100406
100407
100408
100409
100410
100411
100412
100476
100478
100480
100482
100483
100484
100485
100486
100487
100488
100489
100490
100491
100492
100493
100494
100495
100496
100498
100500
100502
100560
100562
100564
100566
100567
100568
100569
100570
100571
100572
100573
100574
100575
100576
100577
100578
100579
100580
100582
100584
100586
100644
100646
100648
100650
100651
100652
100653
100654
100655
100656
100657
100658
100659
100660
100661
100662
100663
100664
100666
100668
100670
100735
100736
100737
100738
100739
100740
100741
100742
100743
100744
100745
100746
100747
100748
100812
100816
100819
100820
100821
100822
100823
100824
100825
100826
100827
100828
100829
100830
100831
100832
100836
100896
100900
100903
100905
100906
100907
100909
100910
100911
100912
100913
100914
100915
100916
100917
100918
100919
100920
100921
100922
100923
100924
100925
100927
100928
100929
100934
102116
102120
102121
102122
102123
102125
102126
102127
102128
102129
102130
102131
102132
102133
102134
102135
102136
102137
102138
102139
102140
102141
102143
102144
102145
102147
102148
102150
102154
102242
102246
102247
102248
102249
102250
102251
102252
102253
102254
102255
102256
102257
102258
102259
102260
102262
102266
102331
102332
102333
102334
102335
102336
102337
102338
102339
102340
102341
102342
102343
102344
102408
102410
102412
102414
102415
102416
102417
102418
102419
102420
102421
102422
102423
102424
102425
102426
102427
102428
102430
102432
102434
102492
102494
102496
102498
102499
102500
102501
102502
102503
102504
102505
102506
102507
102508
102509
102510
102511
102512
102514
102516
102518
102576
102578
102580
102582
102583
102584
102585
102586
102587
102588
102589
102590
102591
102592
102593
102594
102595
102596
102598
102600
102602
102667
102668
102669
102670
102671
102672
102673
102674
102675
102676
102677
102678
102679
102680
102744
102748
102751
102752
102753
102754
102755
102756
102757
102758
102759
102760
102761
102762
102763
102764
102768
102828
102832
102835
102837
102838
102839
102841
102842
102843
102844
102845
102846
102847
102848
102849
102850
102851
102852
102853
102854
102855
102856
102857
102859
102860
102861
102866
104048
104052
104053
104054
104055
104057
104058
104059
104060
104061
104062
104063
104064
104065
104066
104067
104068
104069
104070
104071
104072
104073
104075
104076
104077
104079
104080
104082
104086
104174
104178
104179
104180
104181
104182
104183
104184
104185
104186
104187
104188
104189
104190
104191
104192
104194
104198
104263
104264
104265
104266
104267
104268
104269
104270
104271
104272
104273
104274
104275
104276
104340
104342
104344
104346
104347
104348
104349
104350
104351
104352
104353
104354
104355
104356
104357
104358
104359
104360
104362
104364
104366
104424
104426
104428
104430
104431
104432
104433
104434
104435
104436
104437
104438
104439
104440
104441
104442
104443
104444
104446
104448
104450
104508
104510
104512
104514
104515
104516
104517
104518
104519
104520
104521
104522
104523
104524
104525
104526
104527
104528
104530
104532
104534
104599
104600
104601
104602
104603
104604
104605
104606
104607
104608
104609
104610
104611
104612
104676
104680
104683
104684
104685
104686
104687
104688
104689
104690
104691
104692
104693
104694
104695
104696
104700
104760
104764
104767
104769
104770
104771
104773
104774
104775
104776
104777
104778
104779
104780
104781
104782
104783
104784
104785
104786
104787
104788
104789
104791
104792
104793
104798
105980
105984
105985
105986
105987
105989
105990
105991
105992
105993
105994
105995
105996
105997
105998
105999
106000
106001
106002
106003
106004
106005
106007
106008
106009
106011
106012
106014
106018
106106
106110
106111
106112
106113
106114
106115
106116
106117
106118
106119
106120
106121
106122
106123
106124
106126
106130
106195
106196
106197
106198
106199
106200
106201
106202
106203
106204
106205
106206
106207
106208
106272
106274
106276
106278
106279
106280
106281
106282
106283
106284
106285
106286
106287
106288
106289
106290
106291
106292
106294
106296
106298
106356
106358
106360
106362
106363
106364
106365
106366
106367
106368
106369
106370
106371
106372
106373
106374
106375
106376
106378
106380
106382
106440
106442
106444
106446
106447
106448
106449
106450
106451
106452
106453
106454
106455
106456
106457
106458
106459
106460
106462
106464
106466
106531
106532
106533
106534
106535
106536
106537
106538
106539
106540
106541
106542
106543
106544
106608
106612
106615
106616
106617
106618
106619
106620
106621
106622
106623
106624
106625
106626
106627
106628
106632
106692
106696
106699
106701
106702
106703
106705
106706
106707
106708
106709
106710
106711
106712
106713
106714
106715
106716
106717
106718
106719
106720
106721
106723
106724
106725
106730
107912
107916
107917
107918
107919
107921
107922
107923
107924
107925
107926
107927
107928
107929
107930
107931
107932
107933
107934
107935
107936
107937
107939
107940
107941
107943
107944
107946
107950
108038
108042
108043
108044
108045
108046
108047
108048
108049
108050
108051
108052
108053
108054
108055
108056
108058
108062
108127
108128
108129
108130
108131
108132
108133
108134
108135
108136
108137
108138
108139
108140
108204
108206
108208
108210
108211
108212
108213
108214
108215
108216
108217
108218
108219
108220
108221
108222
108223
108224
108226
108228
108230
108288
108290
108292
108294
108295
108296
108297
108298
108299
108300
108301
108302
108303
108304
108305
108306
108307
108308
108310
108312
108314
108372
108374
108376
108378
108379
108380
108381
108382
108383
108384
108385
108386
108387
108388
108389
108390
108391
108392
108394
108396
108398
108463
108464
108465
108466
108467
108468
108469
108470
108471
108472
108473
108474
108475
108476
108540
108544
108547
108548
108549
108550
108551
108552
108553
108554
108555
108556
108557
108558
108559
108560
108564
108624
108628
108631
108633
108634
108635
108637
108638
108639
108640
108641
108642
108643
108644
108645
108646
108647
108648
108649
108650
108651
108652
108653
108655
108656
108657
108662
109844
109848
109849
109850
109851
109853
109854
109855
109856
109857
109858
109859
109860
109861
109862
109863
109864
109865
109866
109867
109868
109869
109871
109872
109873
109875
109876
109878
109882
109970
109974
109975
109976
109977
109978
109979
109980
109981
109982
109983
109984
109985
109986
109987
109988
109990
109994
110059
110060
110061
110062
110063
110064
110065
110066
110067
110068
110069
110070
110071
110072
110136
110138
110140
110142
110143
110144
110145
110146
110147
110148
110149
110150
110151
110152
110153
110154
110155
110156
110158
110160
110162
110220
110222
110224
110226
110227
110228
110229
110230
110231
110232
110233
110234
110235
110236
110237
110238
110239
110240
110242
110244
110246
110304
110306
110308
110310
110311
110312
110313
110314
110315
110316
110317
110318
110319
110320
110321
110322
110323
110324
110326
110328
110330
110395
110396
110397
110398
110399
110400
110401
110402
110403
110404
110405
110406
110407
110408
110472
110476
110479
110480
110481
110482
110483
110484
110485
110486
110487
110488
110489
110490
110491
110492
110496
110556
110560
110563
110565
110566
110567
110569
110570
110571
110572
110573
110574
110575
110576
110577
110578
110579
110580
110581
110582
110583
110584
110585
110587
110588
110589
110594
111776
111780
111781
111782
111783
111785
111786
111787
111788
111789
111790
111791
111792
111793
111794
111795
111796
111797
111798
111799
111800
111801
111803
111804
111805
111807
111808
111810
111814
111902
111906
111907
111908
111909
111910
111911
111912
111913
111914
111915
111916
111917
111918
111919
111920
111922
111926
111991
111992
111993
111994
111995
111996
111997
111998
111999
112000
112001
112002
112003
112004
112068
112070
112072
112074
112075
112076
112077
112078
112079
112080
112081
112082
112083
112084
112085
112086
112087
112088
112090
112092
112094
112152
112154
112156
112158
112159
112160
112161
112162
112163
112164
112165
112166
112167
112168
112169
112170
112171
112172
112174
112176
112178
112236
112238
112240
112242
112243
112244
112245
112246
112247
112248
112249
112250
112251
112252
112253
112254
112255
112256
112258
112260
112262
112327
112328
112329
112330
112331
112332
112333
112334
112335
112336
112337
112338
112339
112340
112404
112408
112411
112412
112413
112414
112415
112416
112417
112418
112419
112420
112421
112422
112423
112424
112428
112488
112492
112495
112497
112498
112499
112501
112502
112503
112504
112505
112506
112507
112508
112509
112510
112511
112512
112513
112514
112515
112516
112517
112519
112520
112521
112526
113708
113712
113713
113714
113715
113717
113718
113719
113720
113721
113722
113723
113724
113725
113726
113727
113728
113729
113730
113731
113732
113733
113735
113736
113737
113739
113740
113742
113746
113834
113838
113839
113840
113841
113842
113843
113844
113845
113846
113847
113848
113849
113850
113851
113852
113854
113858
113923
113924
113925
113926
113927
113928
113929
113930
113931
113932
113933
113934
113935
113936
114000
114002
114004
114006
114007
114008
114009
114010
114011
114012
114013
114014
114015
114016
114017
114018
114019
114020
114022
114024
114026
114084
114086
114088
114090
114091
114092
114093
114094
114095
114096
114097
114098
114099
114100
114101
114102
114103
114104
114106
114108
114110
114168
114170
114172
114174
114175
114176
114177
114178
114179
114180
114181
114182
114183
114184
114185
114186
114187
114188
114190
114192
114194
114259
114260
114261
114262
114263
114264
114265
114266
114267
114268
114269
114270
114271
114272
114336
114340
114343
114344
114345
114346
114347
114348
114349
114350
114351
114352
114353
114354
114355
114356
114360
114420
114424
114427
114429
114430
114431
114433
114434
114435
114436
114437
114438
114439
114440
114441
114442
114443
114444
114445
114446
114447
114448
114449
114451
114452
114453
114458
115640
115644
115645
115646
115647
115649
115650
115651
115652
115653
115654
115655
115656
115657
115658
115659
115660
115661
115662
115663
115664
115665
115667
115668
115669
115671
115672
115674
115678
115766
115770
115771
115772
115773
115774
115775
115776
115777
115778
115779
115780
115781
115782
115783
115784
115786
115790
115855
115856
115857
115858
115859
115860
115861
115862
115863
115864
115865
115866
115867
115868
115932
115934
115936
115938
115939
115940
115941
115942
115943
115944
115945
115946
115947
115948
115949
115950
115951
115952
115954
115956
115958
116016
116018
116020
116022
116023
116024
116025
116026
116027
116028
116029
116030
116031
116032
116033
116034
116035
116036
116038
116040
116042
116100
116102
116104
116106
116107
116108
116109
116110
116111
116112
116113
116114
116115
116116
116117
116118
116119
116120
116122
116124
116126
116191
116192
116193
116194
116195
116196
116197
116198
116199
116200
116201
116202
116203
116204
116268
116272
116275
116276
116277
116278
116279
116280
116281
116282
116283
116284
116285
116286
116287
116288
116292
116352
116356
116359
116361
116362
116363
116365
116366
116367
116368
116369
116370
116371
116372
116373
116374
116375
116376
116377
116378
116379
116380
116381
116383
116384
116385
116390
117572
117576
117577
117578
117579
117581
117582
117583
117584
117585
117586
117587
117588
117589
117590
117591
117592
117593
117594
117595
117596
117597
117599
117600
117601
117603
117604
117606
117610
117698
117702
117703
117704
117705
117706
117707
117708
117709
117710
117711
117712
117713
117714
117715
117716
117718
117722
117787
117788
117789
117790
117791
117792
117793
117794
117795
117796
117797
117798
117799
117800
117864
117866
117868
117870
117871
117872
117873
117874
117875
117876
117877
117878
117879
117880
117881
117882
117883
117884
117886
117888
117890
117948
117950
117952
117954
117955
117956
117957
117958
117959
117960
117961
117962
117963
117964
117965
117966
117967
117968
117970
117972
117974
118032
118034
118036
118038
118039
118040
118041
118042
118043
118044
118045
118046
118047
118048
118049
118050
118051
118052
118054
118056
118058
118123
118124
118125
118126
118127
118128
118129
118130
118131
118132
118133
118134
118135
118136
118200
118204
118207
118208
118209
118210
118211
118212
118213
118214
118215
118216
118217
118218
118219
118220
118224
118284
118288
118291
118293
118294
118295
118297
118298
118299
118300
118301
118302
118303
118304
118305
118306
118307
118308
118309
118310
118311
118312
118313
118315
118316
118317
118322
119504
119508
119509
119510
119511
119513
119514
119515
119516
119517
119518
119519
119520
119521
119522
119523
119524
119525
119526
119527
119528
119529
119531
119532
119533
119535
119536
119538
119542
119630
119634
119635
119636
119637
119638
119639
119640
119641
119642
119643
119644
119645
119646
119647
119648
119650
119654
119719
119720
119721
119722
119723
119724
119725
119726
119727
119728
119729
119730
119731
119732
119796
119798
119800
119802
119803
119804
119805
119806
119807
119808
119809
119810
119811
119812
119813
119814
119815
119816
119818
119820
119822
119880
119882
119884
119886
119887
119888
119889
119890
119891
119892
119893
119894
119895
119896
119897
119898
119899
119900
119902
119904
119906
119964
119966
119968
119970
119971
119972
119973
119974
119975
119976
119977
119978
119979
119980
119981
119982
119983
119984
119986
119988
119990
120055
120056
120057
120058
120059
120060
120061
120062
120063
120064
120065
120066
120067
120068
120132
120136
120139
120140
120141
120142
120143
120144
120145
120146
120147
120148
120149
120150
120151
120152
120156
120216
120220
120223
120225
120226
120227
120229
120230
120231
120232
120233
120234
120235
120236
120237
120238
120239
120240
120241
120242
120243
120244
120245
120247
120248
120249
120254
121436
121440
121441
121442
121443
121445
121446
121447
121448
121449
121450
121451
121452
121453
121454
121455
121456
121457
121458
121459
121460
121461
121463
121464
121465
121467
121468
121470
121474
121562
121566
121567
121568
121569
121570
121571
121572
121573
121574
121575
121576
121577
121578
121579
121580
121582
121586
121651
121652
121653
121654
121655
121656
121657
121658
121659
121660
121661
121662
121663
121664
121728
121730
121732
121734
121735
121736
121737
121738
121739
121740
121741
121742
121743
121744
121745
121746
121747
121748
121750
121752
121754
121812
121814
121816
121818
121819
121820
121821
121822
121823
121824
121825
121826
121827
121828
121829
121830
121831
121832
121834
121836
121838
121896
121898
121900
121902
121903
121904
121905
121906
121907
121908
121909
121910
121911
121912
121913
121914
121915
121916
121918
121920
121922
121987
121988
121989
121990
121991
121992
121993
121994
121995
121996
121997
121998
121999
122000
122064
122068
122071
122072
122073
122074
122075
122076
122077
122078
122079
122080
122081
122082
122083
122084
122088
122148
122152
122155
122157
122158
122159
122161
122162
122163
122164
122165
122166
122167
122168
122169
122170
122171
122172
122173
122174
122175
122176
122177
122179
122180
122181
122186
123368
123372
123373
123374
123375
123377
123378
123379
123380
123381
123382
123383
123384
123385
123386
123387
123388
123389
123390
123391
123392
123393
123395
123396
123397
123399
123400
123402
123406
123494
123498
123499
123500
123501
123502
123503
123504
123505
123506
123507
123508
123509
123510
123511
123512
123514
123518
123583
123584
123585
123586
123587
123588
123589
123590
123591
123592
123593
123594
123595
123596
123660
123662
123664
123666
123667
123668
123669
123670
123671
123672
123673
123674
123675
123676
123677
123678
123679
123680
123682
123684
123686
123744
123746
123748
123750
123751
123752
123753
123754
123755
123756
123757
123758
123759
123760
123761
123762
123763
123764
123766
123768
123770
123828
123830
123832
123834
123835
123836
123837
123838
123839
123840
123841
123842
123843
123844
123845
123846
123847
123848
123850
123852
123854
123919
123920
123921
123922
123923
123924
123925
123926
123927
123928
123929
123930
123931
123932
123996
124000
124003
124004
124005
124006
124007
124008
124009
124010
124011
124012
124013
124014
124015
124016
124020
124080
124084
124087
124089
124090
124091
124093
124094
124095
124096
124097
124098
124099
124100
124101
124102
124103
124104
124105
124106
124107
124108
124109
124111
124112
124113
124118
125300
125304
125305
125306
125307
125309
125310
125311
125312
125313
125314
125315
125316
125317
125318
125319
125320
125321
125322
125323
125324
125325
125327
125328
125329
125331
125332
125334
125338
125426
125430
125431
125432
125433
125434
125435
125436
125437
125438
125439
125440
125441
125442
125443
125444
125446
125450
125515
125516
125517
125518
125519
125520
125521
125522
125523
125524
125525
125526
125527
125528
125592
125594
125596
125598
125599
125600
125601
125602
125603
125604
125605
125606
125607
125608
125609
125610
125611
125612
125614
125616
125618
125676
125678
125680
125682
125683
125684
125685
125686
125687
125688
125689
125690
125691
125692
125693
125694
125695
125696
125698
125700
125702
125760
125762
125764
125766
125767
125768
125769
125770
125771
125772
125773
125774
125775
125776
125777
125778
125779
125780
125782
125784
125786
125851
125852
125853
125854
125855
125856
125857
125858
125859
125860
125861
125862
125863
125864
125928
125932
125935
125936
125937
125938
125939
125940
125941
125942
125943
125944
125945
125946
125947
125948
125952
126012
126016
126019
126021
126022
126023
126025
126026
126027
126028
126029
126030
126031
126032
126033
126034
126035
126036
126037
126038
126039
126040
126041
126043
126044
126045
126050
127232
127236
127237
127238
127239
127241
127242
127243
127244
127245
127246
127247
127248
127249
127250
127251
127252
127253
127254
127255
127256
127257
127259
127260
127261
127263
127264
127266
127270
127358
127362
127363
127364
127365
127366
127367
127368
127369
127370
127371
127372
127373
127374
127375
127376
127378
127382
127447
127448
127449
127450
127451
127452
127453
127454
127455
127456
127457
127458
127459
127460
127524
127526
127528
127530
127531
127532
127533
127534
127535
127536
127537
127538
127539
127540
127541
127542
127543
127544
127546
127548
127550
127608
127610
127612
127614
127615
127616
127617
127618
127619
127620
127621
127622
127623
127624
127625
127626
127627
127628
127630
127632
127634
127692
127694
127696
127698
127699
127700
127701
127702
127703
127704
127705
127706
127707
127708
127709
127710
127711
127712
127714
127716
127718
127783
127784
127785
127786
127787
127788
127789
127790
127791
127792
127793
127794
127795
127796
127860
127864
127867
127868
127869
127870
127871
127872
127873
127874
127875
127876
127877
127878
127879
127880
127884
127944
127948
127951
127953
127954
127955
127957
127958
127959
127960
127961
127962
127963
127964
127965
127966
127967
127968
127969
127970
127971
127972
127973
127975
127976
127977
127982
129164
129168
129169
129170
129171
129173
129174
129175
129176
129177
129178
129179
129180
129181
129182
129183
129184
129185
129186
129187
129188
129189
129191
129192
129193
129195
129196
129198
129202
129290
129294
129295
129296
129297
129298
129299
129300
129301
129302
129303
129304
129305
129306
129307
129308
129310
129314
129379
129380
129381
129382
129383
129384
129385
129386
129387
129388
129389
129390
129391
129392
129456
129458
129460
129462
129463
129464
129465
129466
129467
129468
129469
129470
129471
129472
129473
129474
129475
129476
129478
129480
129482
129540
129542
129544
129546
129547
129548
129549
129550
129551
129552
129553
129554
129555
129556
129557
129558
129559
129560
129562
129564
129566
129624
129626
129628
129630
129631
129632
129633
129634
129635
129636
129637
129638
129639
129640
129641
129642
129643
129644
129646
129648
129650
129715
129716
129717
129718
129719
129720
129721
129722
129723
129724
129725
129726
129727
129728
129792
129796
129799
129800
129801
129802
129803
129804
129805
129806
129807
129808
129809
129810
129811
129812
129816
129876
129880
129883
129885
129886
129887
129889
129890
129891
129892
129893
129894
129895
129896
129897
129898
129899
129900
129901
129902
129903
129904
129905
129907
129908
129909
129914
131096
131100
131101
131102
131103
131105
131106
131107
131108
131109
131110
131111
131112
131113
131114
131115
131116
131117
131118
131119
131120
131121
131123
131124
131125
131127
131128
131130
131134
131222
131226
131227
131228
131229
131230
131231
131232
131233
131234
131235
131236
131237
131238
131239
131240
131242
131246
131311
131312
131313
131314
131315
131316
131317
131318
131319
131320
131321
131322
131323
131324
131388
131390
131392
131394
131395
131396
131397
131398
131399
131400
131401
131402
131403
131404
131405
131406
131407
131408
131410
131412
131414
131472
131474
131476
131478
131479
131480
131481
131482
131483
131484
131485
131486
131487
131488
131489
131490
131491
131492
131494
131496
131498
131556
131558
131560
131562
131563
131564
131565
131566
131567
131568
131569
131570
131571
131572
131573
131574
131575
131576
131578
131580
131582
131647
131648
131649
131650
131651
131652
131653
131654
131655
131656
131657
131658
131659
131660
131724
131728
131731
131732
131733
131734
131735
131736
131737
131738
131739
131740
131741
131742
131743
131744
131748
131808
131812
131815
131817
131818
131819
131821
131822
131823
131824
131825
131826
131827
131828
131829
131830
131831
131832
131833
131834
131835
131836
131837
131839
131840
131841
131846
133028
133032
133033
133034
133035
133037
133038
133039
133040
133041
133042
133043
133044
133045
133046
133047
133048
133049
133050
133051
133052
133053
133055
133056
133057
133059
133060
133062
133066
133154
133158
133159
133160
133161
133162
133163
133164
133165
133166
133167
133168
133169
133170
133171
133172
133174
133178
133243
133244
133245
133246
133247
133248
133249
133250
133251
133252
133253
133254
133255
133256
133320
133322
133324
133326
133327
133328
133329
133330
133331
133332
133333
133334
133335
133336
133337
133338
133339
133340
133342
133344
133346
133404
133406
133408
133410
133411
133412
133413
133414
133415
133416
133417
133418
133419
133420
133421
133422
133423
133424
133426
133428
133430
133488
133490
133492
133494
133495
133496
133497
133498
133499
133500
133501
133502
133503
133504
133505
133506
133507
133508
133510
133512
133514
133579
133580
133581
133582
133583
133584
133585
133586
133587
133588
133589
133590
133591
133592
133656
133660
133663
133664
133665
133666
133667
133668
133669
133670
133671
133672
133673
133674
133675
133676
133680
133740
133744
133747
133749
133750
133751
133753
133754
133755
133756
133757
133758
133759
133760
133761
133762
133763
133764
133765
133766
133767
133768
133769
133771
133772
133773
133778
134960
134964
134965
134966
134967
134969
134970
134971
134972
134973
134974
134975
134976
134977
134978
134979
134980
134981
134982
134983
134984
134985
134987
134988
134989
134991
134992
134994
134998
135086
135090
135091
135092
135093
135094
135095
135096
135097
135098
135099
135100
135101
135102
135103
135104
135106
135110
135175
135176
135177
135178
135179
135180
135181
135182
135183
135184
135185
135186
135187
135188
135252
135254
135256
135258
135259
135260
135261
135262
135263
135264
135265
135266
135267
135268
135269
135270
135271
135272
135274
135276
135278
135336
135338
135340
135342
135343
135344
135345
135346
135347
135348
135349
135350
135351
135352
135353
135354
135355
135356
135358
135360
135362
135420
135422
135424
135426
135427
135428
135429
135430
135431
135432
135433
135434
135435
135436
135437
135438
135439
135440
135442
135444
135446
135511
135512
135513
135514
135515
135516
135517
135518
135519
135520
135521
135522
135523
135524
135588
135592
135595
135596
135597
135598
135599
135600
135601
135602
135603
135604
135605
135606
135607
135608
135612
135672
135676
135679
135681
135682
135683
135685
135686
135687
135688
135689
135690
135691
135692
135693
135694
135695
135696
135697
135698
135699
135700
135701
135703
135704
135705
135710
137690
137694
137695
137696
137697
137699
137700
137701
137702
137703
137704
137705
137706
137707
137708
137709
137710
137711
137712
137713
137714
137715
137717
137718
137719
137721
137722
137724
137728
137816
137820
137821
137822
137823
137824
137825
137826
137827
137828
137829
137830
137831
137832
137833
137834
137835
137836
137837
137838
137839
137840
137841
137842
137843
137844
137845
137846
137847
137848
137849
137850
137851
137852
137853
137854
137855
137856
137857
137858
137859
137860
137861
137862
137864
137868
137989
137990
137991
137992
137993
137994
137995
137996
137997
137998
137999
138000
138001
138002
138003
138004
138005
138006
138007
138008
138009
138010
138011
138012
138013
138014
138015
138016
138017
138018
138019
138020
138021
138022
138023
138024
138025
138026
138027
138028
138029
138030
138031
138032
138033
138034
138035
138036
138037
138038
138039
138040
138041
138042
138043
138044
138192
138194
138196
138198
138199
138200
138201
138202
138203
138204
138205
138206
138207
138208
138209
138210
138211
138212
138213
138214
138215
138216
138217
138218
138219
138220
138221
138222
138223
138224
138225
138226
138227
138228
138229
138230
138231
138232
138233
138234
138235
138236
138237
138238
138239
138240
138241
138242
138243
138244
138245
138246
138247
138248
138249
138250
138251
138252
138253
138254
138256
138258
138260
138402
138404
138406
138408
138409
138410
138411
138412
138413
138414
138415
138416
138417
138418
138419
138420
138421
138422
138423
138424
138425
138426
138427
138428
138429
138430
138431
138432
138433
138434
138435
138436
138437
138438
138439
138440
138441
138442
138443
138444
138445
138446
138447
138448
138449
138450
138451
138452
138453
138454
138455
138456
138457
138458
138459
138460
138461
138462
138463
138464
138466
138468
138470
138612
138614
138616
138618
138619
138620
138621
138622
138623
138624
138625
138626
138627
138628
138629
138630
138631
138632
138633
138634
138635
138636
138637
138638
138639
138640
138641
138642
138643
138644
138645
138646
138647
138648
138649
138650
138651
138652
138653
138654
138655
138656
138657
138658
138659
138660
138661
138662
138663
138664
138665
138666
138667
138668
138669
138670
138671
138672
138673
138674
138676
138678
138680
138829
138830
138831
138832
138833
138834
138835
138836
138837
138838
138839
138840
138841
138842
138843
138844
138845
138846
138847
138848
138849
138850
138851
138852
138853
138854
138855
138856
138857
138858
138859
138860
138861
138862
138863
138864
138865
138866
138867
138868
138869
138870
138871
138872
138873
138874
138875
138876
138877
138878
138879
138880
138881
138882
138883
138884
139032
139036
139039
139040
139041
139042
139043
139044
139045
139046
139047
139048
139049
139050
139051
139052
139053
139054
139055
139056
139057
139058
139059
139060
139061
139062
139063
139064
139065
139066
139067
139068
139069
139070
139071
139072
139073
139074
139075
139076
139077
139078
139079
139080
139084
139200
139204
139207
139209
139210
139211
139213
139214
139215
139216
139217
139218
139219
139220
139221
139222
139223
139224
139225
139226
139227
139228
139229
139231
139232
139233
139238
140460
140461
140462
140467
140468
140469
140474
140475
140476
140481
140482
140483
140544
140545
140546
140551
140552
140553
140558
140559
140560
140565
140566
140567
140572
140573
140574
140579
140580
140581
140670
140671
140672
140677
140678
140679
140684
140685
140686
140691
140692
140693
140698
140699
140700
140705
140706
140707
140712
140713
140714
140719
140720
140721
140838
140839
140840
140845
140846
140847
140852
140853
140854
140859
140860
140861
140866
140867
140868
140873
140874
140875
140880
140881
140882
140887
140888
140889
141006
141007
141008
141013
141014
141015
141020
141021
141022
141027
141028
141029
141034
141035
141036
141041
141042
141043
141048
141049
141050
141055
141056
141057
141174
141175
141176
141181
141182
141183
141188
141189
141190
141195
141196
141197
141202
141203
141204
141209
141210
141211
141300
141301
141302
141307
141308
141309
141314
141315
141316
141321
141322
141323
141895
141896
141897
141898
141899
141900
141901
141902
141903
141904
141905
141906
141907
141908
142021
142022
142023
142024
142025
142026
142027
142028
142029
142030
142031
142032
142033
142034
142609
142610
142611
142612
142613
142614
142615
142616
142617
142618
142619
142620
142621
142622
142735
142736
142737
142738
142739
142740
142741
142742
142743
142744
142745
142746
142747
142748
143323
143324
143325
143326
143327
143328
143329
143330
143331
143332
143333
143334
143335
143336
143449
143450
143451
143452
143453
143454
143455
143456
143457
143458
143459
143460
143461
143462
144037
144038
144039
144040
144041
144042
144043
144044
144045
144046
144047
144048
144049
144050
144163
144164
144165
144166
144167
144168
144169
144170
144171
144172
144173
144174
144175
144176
144751
144752
144753
144754
144755
144756
144757
144758
144759
144760
144761
144762
144763
144764
144877
144878
144879
144880
144881
144882
144883
144884
144885
144886
144887
144888
144889
144890
145465
145466
145467
145468
145469
145470
145471
145472
145473
145474
145475
145476
145477
145478
145591
145592
145593
145594
145595
145596
145597
145598
145599
145600
145601
145602
145603
145604
146179
146180
146181
146182
146183
146184
146185
146186
146187
146188
146189
146190
146191
146192
146305
146306
146307
146308
146309
146310
146311
146312
146313
146314
146315
146316
146317
146318
146893
146894
146895
146896
146897
146898
146899
146900
146901
146902
146903
146904
146905
146906
147019
147020
147021
147022
147023
147024
147025
147026
147027
147028
147029
147030
147031
147032
147607
147608
147609
147610
147611
147612
147613
147614
147615
147616
147617
147618
147619
147620
147733
147734
147735
147736
147737
147738
147739
147740
147741
147742
147743
147744
147745
147746
148321
148322
148323
148324
148325
148326
148327
148328
148329
148330
148331
148332
148333
148334
148447
148448
148449
148450
148451
148452
148453
148454
148455
148456
148457
148458
148459
148460
149035
149036
149037
149038
149039
149040
149041
149042
149043
149044
149045
149046
149047
149048
149161
149162
149163
149164
149165
149166
149167
149168
149169
149170
149171
149172
149173
149174
149749
149750
149751
149752
149753
149754
149755
149756
149757
149758
149759
149760
149761
149762
149875
149876
149877
149878
149879
149880
149881
149882
149883
149884
149885
149886
149887
149888
150463
150464
150465
150466
150467
150468
150469
150470
150471
150472
150473
150474
150475
150476
150589
150590
150591
150592
150593
150594
150595
150596
150597
150598
150599
150600
150601
150602
151177
151178
151179
151180
151181
151182
151183
151184
151185
151186
151187
151188
151189
151190
151303
151304
151305
151306
151307
151308
151309
151310
151311
151312
151313
151314
151315
151316
151891
151892
151893
151894
151895
151896
151897
151898
151899
151900
151901
151902
151903
151904
152017
152018
152019
152020
152021
152022
152023
152024
152025
152026
152027
152028
152029
152030
152605
152606
152607
152608
152609
152610
152611
152612
152613
152614
152615
152616
152617
152618
152731
152732
152733
152734
152735
152736
152737
152738
152739
152740
152741
152742
152743
152744
153319
153320
153321
153322
153323
153324
153325
153326
153327
153328
153329
153330
153331
153332
153445
153446
153447
153448
153449
153450
153451
153452
153453
153454
153455
153456
153457
153458
154033
154034
154035
154036
154037
154038
154039
154040
154041
154042
154043
154044
154045
154046
154159
154160
154161
154162
154163
154164
154165
154166
154167
154168
154169
154170
154171
154172
154747
154748
154749
154750
154751
154752
154753
154754
154755
154756
154757
154758
154759
154760
154873
154874
154875
154876
154877
154878
154879
154880
154881
154882
154883
154884
154885
154886
155461
155462
155463
155464
155465
155466
155467
155468
155469
155470
155471
155472
155473
155474
155587
155588
155589
155590
155591
155592
155593
155594
155595
155596
155597
155598
155599
155600
156175
156176
156177
156178
156179
156180
156181
156182
156183
156184
156185
156186
156187
156188
156301
156302
156303
156304
156305
156306
156307
156308
156309
156310
156311
156312
156313
156314
156889
156890
156891
156892
156893
156894
156895
156896
156897
156898
156899
156900
156901
156902
157015
157016
157017
157018
157019
157020
157021
157022
157023
157024
157025
157026
157027
157028
157603
157604
157605
157606
157607
157608
157609
157610
157611
157612
157613
157614
157615
157616
157729
157730
157731
157732
157733
157734
157735
157736
157737
157738
157739
157740
157741
157742
158317
158318
158319
158320
158321
158322
158323
158324
158325
158326
158327
158328
158329
158330
158443
158444
158445
158446
158447
158448
158449
158450
158451
158452
158453
158454
158455
158456
159031
159032
159033
159034
159035
159036
159037
159038
159039
159040
159041
159042
159043
159044
159157
159158
159159
159160
159161
159162
159163
159164
159165
159166
159167
159168
159169
159170
159745
159746
159747
159748
159749
159750
159751
159752
159753
159754
159755
159756
159757
159758
159871
159872
159873
159874
159875
159876
159877
159878
159879
159880
159881
159882
159883
159884
160459
160460
160461
160462
160463
160464
160465
160466
160467
160468
160469
160470
160471
160472
160585
160586
160587
160588
160589
160590
160591
160592
160593
160594
160595
160596
160597
160598
161173
161174
161175
161176
161177
161178
161179
161180
161181
161182
161183
161184
161185
161186
161299
161300
161301
161302
161303
161304
161305
161306
161307
161308
161309
161310
161311
161312
161887
161888
161889
161890
161891
161892
161893
161894
161895
161896
161897
161898
161899
161900
162013
162014
162015
162016
162017
162018
162019
162020
162021
162022
162023
162024
162025
162026
162601
162602
162603
162604
162605
162606
162607
162608
162609
162610
162611
162612
162613
162614
162727
162728
162729
162730
162731
162732
162733
162734
162735
162736
162737
162738
162739
162740
163315
163316
163317
163318
163319
163320
163321
163322
163323
163324
163325
163326
163327
163328
163441
163442
163443
163444
163445
163446
163447
163448
163449
163450
163451
163452
163453
163454
)


// ************************************************************************* //
