/*--------------------------------*- C++ -*----------------------------------*\
| =========                 |                                                 |
| \\      /  F ield         | OpenFOAM: The Open Source CFD Toolbox           |
|  \\    /   O peration     | Version:  2606                                  |
|   \\  /    A nd           | Website:  www.openfoam.com                      |
|    \\/     M anipulation  |                                                 |
\*---------------------------------------------------------------------------*/
FoamFile
{
    version     2.0;
    format      ascii;
    arch        "LSB;label=32;scalar=64";
    class       labelList;
    location    "constant/cell3/polyMesh";
    object      pointRegionAddressing;
}
// * * * * * * * * * * * * * * * * * * * * * * * * * * * * * * * * * * * * * //


13138
(
1126
1127
1128
1215
1216
1217
1218
1219
1220
1221
1305
1306
1307
1308
1309
1310
1311
1312
1313
1396
1397
1398
1399
1400
1401
1402
1403
1404
1487
1488
1489
1490
1491
1492
1493
1494
1495
1578
1579
1580
1581
1582
1583
1584
1585
1586
1669
1670
1671
1672
1673
1674
1675
1676
1677
1760
1761
1762
1763
1764
1765
1766
1767
1768
1852
1853
1854
1855
1856
1857
1858
1945
1946
1947
3310
3311
3312
3399
3400
3401
3402
3403
3404
3405
3489
3490
3491
3492
3493
3494
3495
3496
3497
3580
3581
3582
3583
3584
3585
3586
3587
3588
3671
3672
3673
3674
3675
3676
3677
3678
3679
3762
3763
3764
3765
3766
3767
3768
3769
3770
3853
3854
3855
3856
3857
3858
3859
3860
3861
3944
3945
3946
3947
3948
3949
3950
3951
3952
4036
4037
4038
4039
4040
4041
4042
4129
4130
4131
5494
5495
5496
5583
5584
5585
5586
5587
5588
5589
5673
5674
5675
5676
5677
5678
5679
5680
5681
5764
5765
5766
5767
5768
5769
5770
5771
5772
5855
5856
5857
5858
5859
5860
5861
5862
5863
5946
5947
5948
5949
5950
5951
5952
5953
5954
6037
6038
6039
6040
6041
6042
6043
6044
6045
6128
6129
6130
6131
6132
6133
6134
6135
6136
6220
6221
6222
6223
6224
6225
6226
6313
6314
6315
7678
7679
7680
7767
7768
7769
7770
7771
7772
7773
7857
7858
7859
7860
7861
7862
7863
7864
7865
7948
7949
7950
7951
7952
7953
7954
7955
7956
8039
8040
8041
8042
8043
8044
8045
8046
8047
8130
8131
8132
8133
8134
8135
8136
8137
8138
8221
8222
8223
8224
8225
8226
8227
8228
8229
8312
8313
8314
8315
8316
8317
8318
8319
8320
8404
8405
8406
8407
8408
8409
8410
8497
8498
8499
9862
9863
9864
9951
9952
9953
9954
9955
9956
9957
10041
10042
10043
10044
10045
10046
10047
10048
10049
10132
10133
10134
10135
10136
10137
10138
10139
10140
10223
10224
10225
10226
10227
10228
10229
10230
10231
10314
10315
10316
10317
10318
10319
10320
10321
10322
10405
10406
10407
10408
10409
10410
10411
10412
10413
10496
10497
10498
10499
10500
10501
10502
10503
10504
10588
10589
10590
10591
10592
10593
10594
10681
10682
10683
12046
12047
12048
12135
12136
12137
12138
12139
12140
12141
12225
12226
12227
12228
12229
12230
12231
12232
12233
12316
12317
12318
12319
12320
12321
12322
12323
12324
12407
12408
12409
12410
12411
12412
12413
12414
12415
12498
12499
12500
12501
12502
12503
12504
12505
12506
12589
12590
12591
12592
12593
12594
12595
12596
12597
12680
12681
12682
12683
12684
12685
12686
12687
12688
12772
12773
12774
12775
12776
12777
12778
12865
12866
12867
14230
14231
14232
14319
14320
14321
14322
14323
14324
14325
14409
14410
14411
14412
14413
14414
14415
14416
14417
14500
14501
14502
14503
14504
14505
14506
14507
14508
14591
14592
14593
14594
14595
14596
14597
14598
14599
14682
14683
14684
14685
14686
14687
14688
14689
14690
14773
14774
14775
14776
14777
14778
14779
14780
14781
14864
14865
14866
14867
14868
14869
14870
14871
14872
14956
14957
14958
14959
14960
14961
14962
15049
15050
15051
16414
16415
16416
16503
16504
16505
16506
16507
16508
16509
16593
16594
16595
16596
16597
16598
16599
16600
16601
16684
16685
16686
16687
16688
16689
16690
16691
16692
16775
16776
16777
16778
16779
16780
16781
16782
16783
16866
16867
16868
16869
16870
16871
16872
16873
16874
16957
16958
16959
16960
16961
16962
16963
16964
16965
17048
17049
17050
17051
17052
17053
17054
17055
17056
17140
17141
17142
17143
17144
17145
17146
17233
17234
17235
18598
18599
18600
18687
18688
18689
18690
18691
18692
18693
18777
18778
18779
18780
18781
18782
18783
18784
18785
18868
18869
18870
18871
18872
18873
18874
18875
18876
18959
18960
18961
18962
18963
18964
18965
18966
18967
19050
19051
19052
19053
19054
19055
19056
19057
19058
19141
19142
19143
19144
19145
19146
19147
19148
19149
19232
19233
19234
19235
19236
19237
19238
19239
19240
19324
19325
19326
19327
19328
19329
19330
19417
19418
19419
20782
20783
20784
20871
20872
20873
20874
20875
20876
20877
20961
20962
20963
20964
20965
20966
20967
20968
20969
21052
21053
21054
21055
21056
21057
21058
21059
21060
21143
21144
21145
21146
21147
21148
21149
21150
21151
21234
21235
21236
21237
21238
21239
21240
21241
21242
21325
21326
21327
21328
21329
21330
21331
21332
21333
21416
21417
21418
21419
21420
21421
21422
21423
21424
21508
21509
21510
21511
21512
21513
21514
21601
21602
21603
22966
22967
22968
23055
23056
23057
23058
23059
23060
23061
23145
23146
23147
23148
23149
23150
23151
23152
23153
23236
23237
23238
23239
23240
23241
23242
23243
23244
23327
23328
23329
23330
23331
23332
23333
23334
23335
23418
23419
23420
23421
23422
23423
23424
23425
23426
23509
23510
23511
23512
23513
23514
23515
23516
23517
23600
23601
23602
23603
23604
23605
23606
23607
23608
23692
23693
23694
23695
23696
23697
23698
23785
23786
23787
25150
25151
25152
25239
25240
25241
25242
25243
25244
25245
25329
25330
25331
25332
25333
25334
25335
25336
25337
25420
25421
25422
25423
25424
25425
25426
25427
25428
25511
25512
25513
25514
25515
25516
25517
25518
25519
25602
25603
25604
25605
25606
25607
25608
25609
25610
25693
25694
25695
25696
25697
25698
25699
25700
25701
25784
25785
25786
25787
25788
25789
25790
25791
25792
25876
25877
25878
25879
25880
25881
25882
25969
25970
25971
27334
27335
27336
27423
27424
27425
27426
27427
27428
27429
27513
27514
27515
27516
27517
27518
27519
27520
27521
27604
27605
27606
27607
27608
27609
27610
27611
27612
27695
27696
27697
27698
27699
27700
27701
27702
27703
27786
27787
27788
27789
27790
27791
27792
27793
27794
27877
27878
27879
27880
27881
27882
27883
27884
27885
27968
27969
27970
27971
27972
27973
27974
27975
27976
28060
28061
28062
28063
28064
28065
28066
28153
28154
28155
29518
29519
29520
29607
29608
29609
29610
29611
29612
29613
29697
29698
29699
29700
29701
29702
29703
29704
29705
29788
29789
29790
29791
29792
29793
29794
29795
29796
29879
29880
29881
29882
29883
29884
29885
29886
29887
29970
29971
29972
29973
29974
29975
29976
29977
29978
30061
30062
30063
30064
30065
30066
30067
30068
30069
30152
30153
30154
30155
30156
30157
30158
30159
30160
30244
30245
30246
30247
30248
30249
30250
30337
30338
30339
31702
31703
31704
31791
31792
31793
31794
31795
31796
31797
31881
31882
31883
31884
31885
31886
31887
31888
31889
31972
31973
31974
31975
31976
31977
31978
31979
31980
32063
32064
32065
32066
32067
32068
32069
32070
32071
32154
32155
32156
32157
32158
32159
32160
32161
32162
32245
32246
32247
32248
32249
32250
32251
32252
32253
32336
32337
32338
32339
32340
32341
32342
32343
32344
32428
32429
32430
32431
32432
32433
32434
32521
32522
32523
33886
33887
33888
33975
33976
33977
33978
33979
33980
33981
34065
34066
34067
34068
34069
34070
34071
34072
34073
34156
34157
34158
34159
34160
34161
34162
34163
34164
34247
34248
34249
34250
34251
34252
34253
34254
34255
34338
34339
34340
34341
34342
34343
34344
34345
34346
34429
34430
34431
34432
34433
34434
34435
34436
34437
34520
34521
34522
34523
34524
34525
34526
34527
34528
34612
34613
34614
34615
34616
34617
34618
34705
34706
34707
36070
36071
36072
36159
36160
36161
36162
36163
36164
36165
36249
36250
36251
36252
36253
36254
36255
36256
36257
36340
36341
36342
36343
36344
36345
36346
36347
36348
36431
36432
36433
36434
36435
36436
36437
36438
36439
36522
36523
36524
36525
36526
36527
36528
36529
36530
36613
36614
36615
36616
36617
36618
36619
36620
36621
36704
36705
36706
36707
36708
36709
36710
36711
36712
36796
36797
36798
36799
36800
36801
36802
36889
36890
36891
38254
38255
38256
38343
38344
38345
38346
38347
38348
38349
38433
38434
38435
38436
38437
38438
38439
38440
38441
38524
38525
38526
38527
38528
38529
38530
38531
38532
38615
38616
38617
38618
38619
38620
38621
38622
38623
38706
38707
38708
38709
38710
38711
38712
38713
38714
38797
38798
38799
38800
38801
38802
38803
38804
38805
38888
38889
38890
38891
38892
38893
38894
38895
38896
38980
38981
38982
38983
38984
38985
38986
39073
39074
39075
40438
40439
40440
40527
40528
40529
40530
40531
40532
40533
40617
40618
40619
40620
40621
40622
40623
40624
40625
40708
40709
40710
40711
40712
40713
40714
40715
40716
40799
40800
40801
40802
40803
40804
40805
40806
40807
40890
40891
40892
40893
40894
40895
40896
40897
40898
40981
40982
40983
40984
40985
40986
40987
40988
40989
41072
41073
41074
41075
41076
41077
41078
41079
41080
41164
41165
41166
41167
41168
41169
41170
41257
41258
41259
42622
42623
42624
42711
42712
42713
42714
42715
42716
42717
42801
42802
42803
42804
42805
42806
42807
42808
42809
42892
42893
42894
42895
42896
42897
42898
42899
42900
42983
42984
42985
42986
42987
42988
42989
42990
42991
43074
43075
43076
43077
43078
43079
43080
43081
43082
43165
43166
43167
43168
43169
43170
43171
43172
43173
43256
43257
43258
43259
43260
43261
43262
43263
43264
43348
43349
43350
43351
43352
43353
43354
43441
43442
43443
44806
44807
44808
44895
44896
44897
44898
44899
44900
44901
44985
44986
44987
44988
44989
44990
44991
44992
44993
45076
45077
45078
45079
45080
45081
45082
45083
45084
45167
45168
45169
45170
45171
45172
45173
45174
45175
45258
45259
45260
45261
45262
45263
45264
45265
45266
45349
45350
45351
45352
45353
45354
45355
45356
45357
45440
45441
45442
45443
45444
45445
45446
45447
45448
45532
45533
45534
45535
45536
45537
45538
45625
45626
45627
46990
46991
46992
47079
47080
47081
47082
47083
47084
47085
47169
47170
47171
47172
47173
47174
47175
47176
47177
47260
47261
47262
47263
47264
47265
47266
47267
47268
47351
47352
47353
47354
47355
47356
47357
47358
47359
47442
47443
47444
47445
47446
47447
47448
47449
47450
47533
47534
47535
47536
47537
47538
47539
47540
47541
47624
47625
47626
47627
47628
47629
47630
47631
47632
47716
47717
47718
47719
47720
47721
47722
47809
47810
47811
49174
49175
49176
49263
49264
49265
49266
49267
49268
49269
49353
49354
49355
49356
49357
49358
49359
49360
49361
49444
49445
49446
49447
49448
49449
49450
49451
49452
49535
49536
49537
49538
49539
49540
49541
49542
49543
49626
49627
49628
49629
49630
49631
49632
49633
49634
49717
49718
49719
49720
49721
49722
49723
49724
49725
49808
49809
49810
49811
49812
49813
49814
49815
49816
49900
49901
49902
49903
49904
49905
49906
49993
49994
49995
51358
51359
51360
51447
51448
51449
51450
51451
51452
51453
51537
51538
51539
51540
51541
51542
51543
51544
51545
51628
51629
51630
51631
51632
51633
51634
51635
51636
51719
51720
51721
51722
51723
51724
51725
51726
51727
51810
51811
51812
51813
51814
51815
51816
51817
51818
51901
51902
51903
51904
51905
51906
51907
51908
51909
51992
51993
51994
51995
51996
51997
51998
51999
52000
52084
52085
52086
52087
52088
52089
52090
52177
52178
52179
53542
53543
53544
53631
53632
53633
53634
53635
53636
53637
53721
53722
53723
53724
53725
53726
53727
53728
53729
53812
53813
53814
53815
53816
53817
53818
53819
53820
53903
53904
53905
53906
53907
53908
53909
53910
53911
53994
53995
53996
53997
53998
53999
54000
54001
54002
54085
54086
54087
54088
54089
54090
54091
54092
54093
54176
54177
54178
54179
54180
54181
54182
54183
54184
54268
54269
54270
54271
54272
54273
54274
54361
54362
54363
55726
55727
55728
55815
55816
55817
55818
55819
55820
55821
55905
55906
55907
55908
55909
55910
55911
55912
55913
55996
55997
55998
55999
56000
56001
56002
56003
56004
56087
56088
56089
56090
56091
56092
56093
56094
56095
56178
56179
56180
56181
56182
56183
56184
56185
56186
56269
56270
56271
56272
56273
56274
56275
56276
56277
56360
56361
56362
56363
56364
56365
56366
56367
56368
56452
56453
56454
56455
56456
56457
56458
56545
56546
56547
57910
57911
57912
57999
58000
58001
58002
58003
58004
58005
58089
58090
58091
58092
58093
58094
58095
58096
58097
58180
58181
58182
58183
58184
58185
58186
58187
58188
58271
58272
58273
58274
58275
58276
58277
58278
58279
58362
58363
58364
58365
58366
58367
58368
58369
58370
58453
58454
58455
58456
58457
58458
58459
58460
58461
58544
58545
58546
58547
58548
58549
58550
58551
58552
58636
58637
58638
58639
58640
58641
58642
58729
58730
58731
60094
60095
60096
60183
60184
60185
60186
60187
60188
60189
60273
60274
60275
60276
60277
60278
60279
60280
60281
60364
60365
60366
60367
60368
60369
60370
60371
60372
60455
60456
60457
60458
60459
60460
60461
60462
60463
60546
60547
60548
60549
60550
60551
60552
60553
60554
60637
60638
60639
60640
60641
60642
60643
60644
60645
60728
60729
60730
60731
60732
60733
60734
60735
60736
60820
60821
60822
60823
60824
60825
60826
60913
60914
60915
62278
62279
62280
62367
62368
62369
62370
62371
62372
62373
62457
62458
62459
62460
62461
62462
62463
62464
62465
62548
62549
62550
62551
62552
62553
62554
62555
62556
62639
62640
62641
62642
62643
62644
62645
62646
62647
62730
62731
62732
62733
62734
62735
62736
62737
62738
62821
62822
62823
62824
62825
62826
62827
62828
62829
62912
62913
62914
62915
62916
62917
62918
62919
62920
63004
63005
63006
63007
63008
63009
63010
63097
63098
63099
64462
64463
64464
64551
64552
64553
64554
64555
64556
64557
64641
64642
64643
64644
64645
64646
64647
64648
64649
64732
64733
64734
64735
64736
64737
64738
64739
64740
64823
64824
64825
64826
64827
64828
64829
64830
64831
64914
64915
64916
64917
64918
64919
64920
64921
64922
65005
65006
65007
65008
65009
65010
65011
65012
65013
65096
65097
65098
65099
65100
65101
65102
65103
65104
65188
65189
65190
65191
65192
65193
65194
65281
65282
65283
66646
66647
66648
66735
66736
66737
66738
66739
66740
66741
66825
66826
66827
66828
66829
66830
66831
66832
66833
66916
66917
66918
66919
66920
66921
66922
66923
66924
67007
67008
67009
67010
67011
67012
67013
67014
67015
67098
67099
67100
67101
67102
67103
67104
67105
67106
67189
67190
67191
67192
67193
67194
67195
67196
67197
67280
67281
67282
67283
67284
67285
67286
67287
67288
67372
67373
67374
67375
67376
67377
67378
67465
67466
67467
68830
68831
68832
68919
68920
68921
68922
68923
68924
68925
69009
69010
69011
69012
69013
69014
69015
69016
69017
69100
69101
69102
69103
69104
69105
69106
69107
69108
69191
69192
69193
69194
69195
69196
69197
69198
69199
69282
69283
69284
69285
69286
69287
69288
69289
69290
69373
69374
69375
69376
69377
69378
69379
69380
69381
69464
69465
69466
69467
69468
69469
69470
69471
69472
69556
69557
69558
69559
69560
69561
69562
69649
69650
69651
71014
71015
71016
71103
71104
71105
71106
71107
71108
71109
71193
71194
71195
71196
71197
71198
71199
71200
71201
71284
71285
71286
71287
71288
71289
71290
71291
71292
71375
71376
71377
71378
71379
71380
71381
71382
71383
71466
71467
71468
71469
71470
71471
71472
71473
71474
71557
71558
71559
71560
71561
71562
71563
71564
71565
71648
71649
71650
71651
71652
71653
71654
71655
71656
71740
71741
71742
71743
71744
71745
71746
71833
71834
71835
80912
80913
80914
80915
80916
80917
80930
80931
80932
80933
80943
80944
80954
80955
80960
80961
80966
80967
80973
80974
80984
80985
80986
80987
80996
80997
80998
80999
81000
81001
81508
81509
81511
81512
81513
81514
81515
81516
81517
81518
81519
81521
81568
81569
81570
81571
81572
81573
81574
81575
81576
81577
81578
81579
81580
81581
81582
81584
81585
81637
81638
81639
81640
81641
81642
81643
81644
81645
81646
81647
81648
81650
81651
81690
81693
81694
81695
81696
81697
81698
81699
81700
81701
81728
81731
81732
81733
81734
81735
81754
81757
81758
81759
81760
81761
81780
81783
81784
81785
81786
81787
81788
81789
81790
81791
81792
81793
81826
81828
81829
81830
81831
81832
81833
81834
81835
81836
81837
81838
81839
81842
81884
81886
81887
81888
81889
81890
81891
81892
81893
81894
81895
81896
81897
81898
81899
81900
81901
81904
81956
81958
81959
81960
81961
81962
81963
82692
82693
82694
82695
82696
82697
82710
82711
82712
82713
82723
82724
82734
82735
82740
82741
82746
82747
82753
82754
82764
82765
82766
82767
82776
82777
82778
82779
82780
82781
83193
83194
83195
83196
83217
83218
83220
83221
83223
83224
83226
83227
83229
83230
83233
83280
83281
83283
83284
83286
83287
83288
83291
83327
83328
83330
83331
83333
83334
83335
83338
83367
83368
83370
83372
83389
83390
83392
83394
83411
83412
83414
83415
83416
83418
83439
83442
83443
83445
83446
83447
83448
83449
83485
83488
83489
83491
83492
83493
83494
83495
83496
83497
83539
83542
83543
83545
83546
83548
83549
83551
83552
83769
83770
83771
83772
83773
83774
83787
83788
83789
83790
83800
83801
83811
83812
83813
83814
83823
83824
83825
83826
83835
83836
83837
83838
83848
83849
83859
83860
83861
83862
83871
83872
83873
83874
83875
83876
84045
84046
84047
84048
84049
84050
84063
84064
84065
84066
84076
84077
84087
84088
84089
84090
84099
84100
84101
84102
84111
84112
84113
84114
84124
84125
84135
84136
84137
84138
84147
84148
84149
84150
84151
84152
84321
84322
84323
84324
84325
84326
84339
84340
84341
84342
84352
84353
84363
84364
84365
84366
84375
84376
84377
84378
84387
84388
84389
84390
84400
84401
84411
84412
84413
84414
84423
84424
84425
84426
84427
84428
84597
84598
84599
84600
84601
84602
84615
84616
84617
84618
84628
84629
84639
84640
84641
84642
84651
84652
84653
84654
84663
84664
84665
84666
84676
84677
84687
84688
84689
84690
84699
84700
84701
84702
84703
84704
84873
84874
84875
84876
84877
84878
84891
84892
84893
84894
84904
84905
84915
84916
84917
84918
84927
84928
84929
84930
84939
84940
84941
84942
84952
84953
84963
84964
84965
84966
84975
84976
84977
84978
84979
84980
85149
85150
85151
85152
85153
85154
85167
85168
85169
85170
85180
85181
85191
85192
85193
85194
85203
85204
85205
85206
85215
85216
85217
85218
85228
85229
85239
85240
85241
85242
85251
85252
85253
85254
85255
85256
85425
85426
85427
85428
85429
85430
85443
85444
85445
85446
85456
85457
85467
85468
85469
85470
85479
85480
85481
85482
85491
85492
85493
85494
85504
85505
85515
85516
85517
85518
85527
85528
85529
85530
85531
85532
85701
85702
85703
85704
85705
85706
85719
85720
85721
85722
85732
85733
85743
85744
85745
85746
85755
85756
85757
85758
85767
85768
85769
85770
85780
85781
85791
85792
85793
85794
85803
85804
85805
85806
85807
85808
85977
85978
85979
85980
85981
85982
85995
85996
85997
85998
86008
86009
86019
86020
86021
86022
86031
86032
86033
86034
86043
86044
86045
86046
86056
86057
86067
86068
86069
86070
86079
86080
86081
86082
86083
86084
86253
86254
86255
86256
86257
86258
86271
86272
86273
86274
86284
86285
86295
86296
86297
86298
86307
86308
86309
86310
86319
86320
86321
86322
86332
86333
86343
86344
86345
86346
86355
86356
86357
86358
86359
86360
86529
86530
86531
86532
86533
86534
86547
86548
86549
86550
86560
86561
86571
86572
86573
86574
86583
86584
86585
86586
86595
86596
86597
86598
86608
86609
86619
86620
86621
86622
86631
86632
86633
86634
86635
86636
86805
86806
86807
86808
86809
86810
86823
86824
86825
86826
86836
86837
86847
86848
86849
86850
86859
86860
86861
86862
86871
86872
86873
86874
86884
86885
86895
86896
86897
86898
86907
86908
86909
86910
86911
86912
87081
87082
87083
87084
87085
87086
87099
87100
87101
87102
87112
87113
87123
87124
87125
87126
87135
87136
87137
87138
87147
87148
87149
87150
87160
87161
87171
87172
87173
87174
87183
87184
87185
87186
87187
87188
87357
87358
87359
87360
87361
87362
87375
87376
87377
87378
87388
87389
87399
87400
87401
87402
87411
87412
87413
87414
87423
87424
87425
87426
87436
87437
87447
87448
87449
87450
87459
87460
87461
87462
87463
87464
87633
87634
87635
87636
87637
87638
87651
87652
87653
87654
87664
87665
87675
87676
87677
87678
87687
87688
87689
87690
87699
87700
87701
87702
87712
87713
87723
87724
87725
87726
87735
87736
87737
87738
87739
87740
87909
87910
87911
87912
87913
87914
87927
87928
87929
87930
87940
87941
87951
87952
87953
87954
87963
87964
87965
87966
87975
87976
87977
87978
87988
87989
87999
88000
88001
88002
88011
88012
88013
88014
88015
88016
88185
88186
88187
88188
88189
88190
88203
88204
88205
88206
88216
88217
88227
88228
88229
88230
88239
88240
88241
88242
88251
88252
88253
88254
88264
88265
88275
88276
88277
88278
88287
88288
88289
88290
88291
88292
88461
88462
88463
88464
88465
88466
88479
88480
88481
88482
88492
88493
88503
88504
88505
88506
88515
88516
88517
88518
88527
88528
88529
88530
88540
88541
88551
88552
88553
88554
88563
88564
88565
88566
88567
88568
88737
88738
88739
88740
88741
88742
88755
88756
88757
88758
88768
88769
88779
88780
88781
88782
88791
88792
88793
88794
88803
88804
88805
88806
88816
88817
88827
88828
88829
88830
88839
88840
88841
88842
88843
88844
89013
89014
89015
89016
89017
89018
89031
89032
89033
89034
89044
89045
89055
89056
89057
89058
89067
89068
89069
89070
89079
89080
89081
89082
89092
89093
89103
89104
89105
89106
89115
89116
89117
89118
89119
89120
89289
89290
89291
89292
89293
89294
89307
89308
89309
89310
89320
89321
89331
89332
89333
89334
89343
89344
89345
89346
89355
89356
89357
89358
89368
89369
89379
89380
89381
89382
89391
89392
89393
89394
89395
89396
89565
89566
89567
89568
89569
89570
89583
89584
89585
89586
89596
89597
89607
89608
89609
89610
89619
89620
89621
89622
89631
89632
89633
89634
89644
89645
89655
89656
89657
89658
89667
89668
89669
89670
89671
89672
89841
89842
89843
89844
89845
89846
89859
89860
89861
89862
89872
89873
89883
89884
89885
89886
89895
89896
89897
89898
89907
89908
89909
89910
89920
89921
89931
89932
89933
89934
89943
89944
89945
89946
89947
89948
90117
90118
90119
90120
90121
90122
90135
90136
90137
90138
90148
90149
90159
90160
90161
90162
90171
90172
90173
90174
90183
90184
90185
90186
90196
90197
90207
90208
90209
90210
90219
90220
90221
90222
90223
90224
90393
90394
90395
90396
90397
90398
90411
90412
90413
90414
90424
90425
90435
90436
90437
90438
90447
90448
90449
90450
90459
90460
90461
90462
90472
90473
90483
90484
90485
90486
90495
90496
90497
90498
90499
90500
90669
90670
90671
90672
90673
90674
90687
90688
90689
90690
90700
90701
90711
90712
90713
90714
90723
90724
90725
90726
90735
90736
90737
90738
90748
90749
90759
90760
90761
90762
90771
90772
90773
90774
90775
90776
90945
90946
90947
90948
90949
90950
90963
90964
90965
90966
90976
90977
90987
90988
90989
90990
90999
91000
91001
91002
91011
91012
91013
91014
91024
91025
91035
91036
91037
91038
91047
91048
91049
91050
91051
91052
91221
91222
91223
91224
91225
91226
91239
91240
91241
91242
91252
91253
91263
91264
91265
91266
91275
91276
91277
91278
91287
91288
91289
91290
91300
91301
91311
91312
91313
91314
91323
91324
91325
91326
91327
91328
91497
91498
91499
91500
91501
91502
91515
91516
91517
91518
91528
91529
91539
91540
91541
91542
91551
91552
91553
91554
91563
91564
91565
91566
91576
91577
91587
91588
91589
91590
91599
91600
91601
91602
91603
91604
91773
91774
91775
91776
91777
91778
91791
91792
91793
91794
91804
91805
91815
91816
91817
91818
91827
91828
91829
91830
91839
91840
91841
91842
91852
91853
91863
91864
91865
91866
91875
91876
91877
91878
91879
91880
92049
92050
92051
92052
92053
92054
92067
92068
92069
92070
92080
92081
92091
92092
92093
92094
92103
92104
92105
92106
92115
92116
92117
92118
92128
92129
92139
92140
92141
92142
92151
92152
92153
92154
92155
92156
92439
92440
92441
92442
92443
92444
92457
92458
92459
92460
92461
92462
92463
92464
92482
92483
92484
92485
92486
92487
92488
92489
92511
92512
92513
92514
92515
92516
92517
92518
92519
92520
92541
92542
92543
92544
92545
92546
92547
92548
92549
92550
92571
92572
92573
92574
92575
92576
92577
92578
92579
92580
92602
92603
92604
92605
92606
92607
92608
92609
92631
92632
92633
92634
92635
92636
92637
92638
92655
92656
92657
92658
92659
92660
92835
92836
92837
92838
92847
92848
92849
92850
92851
92852
92865
92866
92867
92868
92869
92870
92871
92872
92889
92890
92891
92892
92893
92894
92895
92896
92913
92914
92915
92916
92917
92918
92919
92920
92937
92938
92939
92940
92941
92942
92955
92956
92957
92958
93569
93570
93572
93573
93574
93575
93576
93577
93578
93579
93580
93582
93629
93630
93631
93632
93633
93634
93635
93636
93637
93638
93639
93640
93641
93642
93643
93645
93646
93698
93699
93700
93701
93702
93703
93704
93705
93706
93707
93708
93709
93711
93712
93751
93754
93755
93756
93757
93758
93759
93760
93761
93762
93763
93764
93795
93798
93799
93800
93801
93802
93803
93804
93805
93806
93807
93808
93839
93842
93843
93844
93845
93846
93847
93848
93849
93850
93851
93852
93883
93886
93887
93888
93889
93890
93891
93892
93893
93894
93895
93896
93929
93931
93932
93933
93934
93935
93936
93937
93938
93939
93940
93941
93942
93945
93987
93989
93990
93991
93992
93993
93994
93995
93996
93997
93998
93999
94000
94001
94002
94003
94004
94007
94059
94062
94064
94065
94067
94068
94070
94728
94729
94731
94732
94733
94734
94735
94736
94737
94738
94739
94741
94788
94789
94790
94791
94792
94793
94794
94795
94796
94797
94798
94799
94800
94801
94802
94804
94805
94857
94858
94859
94860
94861
94862
94863
94864
94865
94866
94867
94868
94870
94871
94910
94913
94914
94915
94916
94917
94918
94919
94920
94921
94922
94923
94954
94957
94958
94959
94960
94961
94962
94963
94964
94965
94966
94967
94998
95001
95002
95003
95004
95005
95006
95007
95008
95009
95010
95011
95042
95045
95046
95047
95048
95049
95050
95051
95052
95053
95054
95055
95088
95090
95091
95092
95093
95094
95095
95096
95097
95098
95099
95100
95101
95104
95146
95148
95149
95150
95151
95152
95153
95154
95155
95156
95157
95158
95159
95160
95161
95162
95163
95166
95218
95221
95223
95224
95226
95227
95229
95887
95888
95890
95891
95892
95893
95894
95895
95896
95897
95898
95900
95947
95948
95949
95950
95951
95952
95953
95954
95955
95956
95957
95958
95959
95960
95961
95963
95964
96016
96017
96018
96019
96020
96021
96022
96023
96024
96025
96026
96027
96029
96030
96069
96072
96073
96074
96075
96076
96077
96078
96079
96080
96081
96082
96113
96116
96117
96118
96119
96120
96121
96122
96123
96124
96125
96126
96157
96160
96161
96162
96163
96164
96165
96166
96167
96168
96169
96170
96201
96204
96205
96206
96207
96208
96209
96210
96211
96212
96213
96214
96247
96249
96250
96251
96252
96253
96254
96255
96256
96257
96258
96259
96260
96263
96305
96307
96308
96309
96310
96311
96312
96313
96314
96315
96316
96317
96318
96319
96320
96321
96322
96325
96377
96380
96382
96383
96385
96386
96388
97046
97047
97049
97050
97051
97052
97053
97054
97055
97056
97057
97059
97106
97107
97108
97109
97110
97111
97112
97113
97114
97115
97116
97117
97118
97119
97120
97122
97123
97175
97176
97177
97178
97179
97180
97181
97182
97183
97184
97185
97186
97188
97189
97228
97231
97232
97233
97234
97235
97236
97237
97238
97239
97240
97241
97272
97275
97276
97277
97278
97279
97280
97281
97282
97283
97284
97285
97316
97319
97320
97321
97322
97323
97324
97325
97326
97327
97328
97329
97360
97363
97364
97365
97366
97367
97368
97369
97370
97371
97372
97373
97406
97408
97409
97410
97411
97412
97413
97414
97415
97416
97417
97418
97419
97422
97464
97466
97467
97468
97469
97470
97471
97472
97473
97474
97475
97476
97477
97478
97479
97480
97481
97484
97536
97539
97541
97542
97544
97545
97547
98205
98206
98208
98209
98210
98211
98212
98213
98214
98215
98216
98218
98265
98266
98267
98268
98269
98270
98271
98272
98273
98274
98275
98276
98277
98278
98279
98281
98282
98334
98335
98336
98337
98338
98339
98340
98341
98342
98343
98344
98345
98347
98348
98387
98390
98391
98392
98393
98394
98395
98396
98397
98398
98399
98400
98431
98434
98435
98436
98437
98438
98439
98440
98441
98442
98443
98444
98475
98478
98479
98480
98481
98482
98483
98484
98485
98486
98487
98488
98519
98522
98523
98524
98525
98526
98527
98528
98529
98530
98531
98532
98565
98567
98568
98569
98570
98571
98572
98573
98574
98575
98576
98577
98578
98581
98623
98625
98626
98627
98628
98629
98630
98631
98632
98633
98634
98635
98636
98637
98638
98639
98640
98643
98695
98698
98700
98701
98703
98704
98706
99364
99365
99367
99368
99369
99370
99371
99372
99373
99374
99375
99377
99424
99425
99426
99427
99428
99429
99430
99431
99432
99433
99434
99435
99436
99437
99438
99440
99441
99493
99494
99495
99496
99497
99498
99499
99500
99501
99502
99503
99504
99506
99507
99546
99549
99550
99551
99552
99553
99554
99555
99556
99557
99558
99559
99590
99593
99594
99595
99596
99597
99598
99599
99600
99601
99602
99603
99634
99637
99638
99639
99640
99641
99642
99643
99644
99645
99646
99647
99678
99681
99682
99683
99684
99685
99686
99687
99688
99689
99690
99691
99724
99726
99727
99728
99729
99730
99731
99732
99733
99734
99735
99736
99737
99740
99782
99784
99785
99786
99787
99788
99789
99790
99791
99792
99793
99794
99795
99796
99797
99798
99799
99802
99854
99857
99859
99860
99862
99863
99865
100523
100524
100526
100527
100528
100529
100530
100531
100532
100533
100534
100536
100583
100584
100585
100586
100587
100588
100589
100590
100591
100592
100593
100594
100595
100596
100597
100599
100600
100652
100653
100654
100655
100656
100657
100658
100659
100660
100661
100662
100663
100665
100666
100705
100708
100709
100710
100711
100712
100713
100714
100715
100716
100717
100718
100749
100752
100753
100754
100755
100756
100757
100758
100759
100760
100761
100762
100793
100796
100797
100798
100799
100800
100801
100802
100803
100804
100805
100806
100837
100840
100841
100842
100843
100844
100845
100846
100847
100848
100849
100850
100883
100885
100886
100887
100888
100889
100890
100891
100892
100893
100894
100895
100896
100899
100941
100943
100944
100945
100946
100947
100948
100949
100950
100951
100952
100953
100954
100955
100956
100957
100958
100961
101013
101016
101018
101019
101021
101022
101024
101682
101683
101685
101686
101687
101688
101689
101690
101691
101692
101693
101695
101742
101743
101744
101745
101746
101747
101748
101749
101750
101751
101752
101753
101754
101755
101756
101758
101759
101811
101812
101813
101814
101815
101816
101817
101818
101819
101820
101821
101822
101824
101825
101864
101867
101868
101869
101870
101871
101872
101873
101874
101875
101876
101877
101908
101911
101912
101913
101914
101915
101916
101917
101918
101919
101920
101921
101952
101955
101956
101957
101958
101959
101960
101961
101962
101963
101964
101965
101996
101999
102000
102001
102002
102003
102004
102005
102006
102007
102008
102009
102042
102044
102045
102046
102047
102048
102049
102050
102051
102052
102053
102054
102055
102058
102100
102102
102103
102104
102105
102106
102107
102108
102109
102110
102111
102112
102113
102114
102115
102116
102117
102120
102172
102175
102177
102178
102180
102181
102183
102841
102842
102844
102845
102846
102847
102848
102849
102850
102851
102852
102854
102901
102902
102903
102904
102905
102906
102907
102908
102909
102910
102911
102912
102913
102914
102915
102917
102918
102970
102971
102972
102973
102974
102975
102976
102977
102978
102979
102980
102981
102983
102984
103023
103026
103027
103028
103029
103030
103031
103032
103033
103034
103035
103036
103067
103070
103071
103072
103073
103074
103075
103076
103077
103078
103079
103080
103111
103114
103115
103116
103117
103118
103119
103120
103121
103122
103123
103124
103155
103158
103159
103160
103161
103162
103163
103164
103165
103166
103167
103168
103201
103203
103204
103205
103206
103207
103208
103209
103210
103211
103212
103213
103214
103217
103259
103261
103262
103263
103264
103265
103266
103267
103268
103269
103270
103271
103272
103273
103274
103275
103276
103279
103331
103334
103336
103337
103339
103340
103342
104000
104001
104003
104004
104005
104006
104007
104008
104009
104010
104011
104013
104060
104061
104062
104063
104064
104065
104066
104067
104068
104069
104070
104071
104072
104073
104074
104076
104077
104129
104130
104131
104132
104133
104134
104135
104136
104137
104138
104139
104140
104142
104143
104182
104185
104186
104187
104188
104189
104190
104191
104192
104193
104194
104195
104226
104229
104230
104231
104232
104233
104234
104235
104236
104237
104238
104239
104270
104273
104274
104275
104276
104277
104278
104279
104280
104281
104282
104283
104314
104317
104318
104319
104320
104321
104322
104323
104324
104325
104326
104327
104360
104362
104363
104364
104365
104366
104367
104368
104369
104370
104371
104372
104373
104376
104418
104420
104421
104422
104423
104424
104425
104426
104427
104428
104429
104430
104431
104432
104433
104434
104435
104438
104490
104493
104495
104496
104498
104499
104501
105159
105160
105162
105163
105164
105165
105166
105167
105168
105169
105170
105172
105219
105220
105221
105222
105223
105224
105225
105226
105227
105228
105229
105230
105231
105232
105233
105235
105236
105288
105289
105290
105291
105292
105293
105294
105295
105296
105297
105298
105299
105301
105302
105341
105344
105345
105346
105347
105348
105349
105350
105351
105352
105353
105354
105385
105388
105389
105390
105391
105392
105393
105394
105395
105396
105397
105398
105429
105432
105433
105434
105435
105436
105437
105438
105439
105440
105441
105442
105473
105476
105477
105478
105479
105480
105481
105482
105483
105484
105485
105486
105519
105521
105522
105523
105524
105525
105526
105527
105528
105529
105530
105531
105532
105535
105577
105579
105580
105581
105582
105583
105584
105585
105586
105587
105588
105589
105590
105591
105592
105593
105594
105597
105649
105652
105654
105655
105657
105658
105660
106318
106319
106321
106322
106323
106324
106325
106326
106327
106328
106329
106331
106378
106379
106380
106381
106382
106383
106384
106385
106386
106387
106388
106389
106390
106391
106392
106394
106395
106447
106448
106449
106450
106451
106452
106453
106454
106455
106456
106457
106458
106460
106461
106500
106503
106504
106505
106506
106507
106508
106509
106510
106511
106512
106513
106544
106547
106548
106549
106550
106551
106552
106553
106554
106555
106556
106557
106588
106591
106592
106593
106594
106595
106596
106597
106598
106599
106600
106601
106632
106635
106636
106637
106638
106639
106640
106641
106642
106643
106644
106645
106678
106680
106681
106682
106683
106684
106685
106686
106687
106688
106689
106690
106691
106694
106736
106738
106739
106740
106741
106742
106743
106744
106745
106746
106747
106748
106749
106750
106751
106752
106753
106756
106808
106811
106813
106814
106816
106817
106819
107477
107478
107480
107481
107482
107483
107484
107485
107486
107487
107488
107490
107537
107538
107539
107540
107541
107542
107543
107544
107545
107546
107547
107548
107549
107550
107551
107553
107554
107606
107607
107608
107609
107610
107611
107612
107613
107614
107615
107616
107617
107619
107620
107659
107662
107663
107664
107665
107666
107667
107668
107669
107670
107671
107672
107703
107706
107707
107708
107709
107710
107711
107712
107713
107714
107715
107716
107747
107750
107751
107752
107753
107754
107755
107756
107757
107758
107759
107760
107791
107794
107795
107796
107797
107798
107799
107800
107801
107802
107803
107804
107837
107839
107840
107841
107842
107843
107844
107845
107846
107847
107848
107849
107850
107853
107895
107897
107898
107899
107900
107901
107902
107903
107904
107905
107906
107907
107908
107909
107910
107911
107912
107915
107967
107970
107972
107973
107975
107976
107978
108636
108637
108639
108640
108641
108642
108643
108644
108645
108646
108647
108649
108696
108697
108698
108699
108700
108701
108702
108703
108704
108705
108706
108707
108708
108709
108710
108712
108713
108765
108766
108767
108768
108769
108770
108771
108772
108773
108774
108775
108776
108778
108779
108818
108821
108822
108823
108824
108825
108826
108827
108828
108829
108830
108831
108862
108865
108866
108867
108868
108869
108870
108871
108872
108873
108874
108875
108906
108909
108910
108911
108912
108913
108914
108915
108916
108917
108918
108919
108950
108953
108954
108955
108956
108957
108958
108959
108960
108961
108962
108963
108996
108998
108999
109000
109001
109002
109003
109004
109005
109006
109007
109008
109009
109012
109054
109056
109057
109058
109059
109060
109061
109062
109063
109064
109065
109066
109067
109068
109069
109070
109071
109074
109126
109129
109131
109132
109134
109135
109137
109795
109796
109798
109799
109800
109801
109802
109803
109804
109805
109806
109808
109855
109856
109857
109858
109859
109860
109861
109862
109863
109864
109865
109866
109867
109868
109869
109871
109872
109924
109925
109926
109927
109928
109929
109930
109931
109932
109933
109934
109935
109937
109938
109977
109980
109981
109982
109983
109984
109985
109986
109987
109988
109989
109990
110021
110024
110025
110026
110027
110028
110029
110030
110031
110032
110033
110034
110065
110068
110069
110070
110071
110072
110073
110074
110075
110076
110077
110078
110109
110112
110113
110114
110115
110116
110117
110118
110119
110120
110121
110122
110155
110157
110158
110159
110160
110161
110162
110163
110164
110165
110166
110167
110168
110171
110213
110215
110216
110217
110218
110219
110220
110221
110222
110223
110224
110225
110226
110227
110228
110229
110230
110233
110285
110288
110290
110291
110293
110294
110296
110954
110955
110957
110958
110959
110960
110961
110962
110963
110964
110965
110967
111014
111015
111016
111017
111018
111019
111020
111021
111022
111023
111024
111025
111026
111027
111028
111030
111031
111083
111084
111085
111086
111087
111088
111089
111090
111091
111092
111093
111094
111096
111097
111136
111139
111140
111141
111142
111143
111144
111145
111146
111147
111148
111149
111180
111183
111184
111185
111186
111187
111188
111189
111190
111191
111192
111193
111224
111227
111228
111229
111230
111231
111232
111233
111234
111235
111236
111237
111268
111271
111272
111273
111274
111275
111276
111277
111278
111279
111280
111281
111314
111316
111317
111318
111319
111320
111321
111322
111323
111324
111325
111326
111327
111330
111372
111374
111375
111376
111377
111378
111379
111380
111381
111382
111383
111384
111385
111386
111387
111388
111389
111392
111444
111447
111449
111450
111452
111453
111455
112113
112114
112116
112117
112118
112119
112120
112121
112122
112123
112124
112126
112173
112174
112175
112176
112177
112178
112179
112180
112181
112182
112183
112184
112185
112186
112187
112189
112190
112242
112243
112244
112245
112246
112247
112248
112249
112250
112251
112252
112253
112255
112256
112295
112298
112299
112300
112301
112302
112303
112304
112305
112306
112307
112308
112339
112342
112343
112344
112345
112346
112347
112348
112349
112350
112351
112352
112383
112386
112387
112388
112389
112390
112391
112392
112393
112394
112395
112396
112427
112430
112431
112432
112433
112434
112435
112436
112437
112438
112439
112440
112473
112475
112476
112477
112478
112479
112480
112481
112482
112483
112484
112485
112486
112489
112531
112533
112534
112535
112536
112537
112538
112539
112540
112541
112542
112543
112544
112545
112546
112547
112548
112551
112603
112606
112608
112609
112611
112612
112614
113272
113273
113275
113276
113277
113278
113279
113280
113281
113282
113283
113285
113332
113333
113334
113335
113336
113337
113338
113339
113340
113341
113342
113343
113344
113345
113346
113348
113349
113401
113402
113403
113404
113405
113406
113407
113408
113409
113410
113411
113412
113414
113415
113454
113457
113458
113459
113460
113461
113462
113463
113464
113465
113466
113467
113498
113501
113502
113503
113504
113505
113506
113507
113508
113509
113510
113511
113542
113545
113546
113547
113548
113549
113550
113551
113552
113553
113554
113555
113586
113589
113590
113591
113592
113593
113594
113595
113596
113597
113598
113599
113632
113634
113635
113636
113637
113638
113639
113640
113641
113642
113643
113644
113645
113648
113690
113692
113693
113694
113695
113696
113697
113698
113699
113700
113701
113702
113703
113704
113705
113706
113707
113710
113762
113765
113767
113768
113770
113771
113773
114431
114432
114434
114435
114436
114437
114438
114439
114440
114441
114442
114444
114491
114492
114493
114494
114495
114496
114497
114498
114499
114500
114501
114502
114503
114504
114505
114507
114508
114560
114561
114562
114563
114564
114565
114566
114567
114568
114569
114570
114571
114573
114574
114613
114616
114617
114618
114619
114620
114621
114622
114623
114624
114625
114626
114657
114660
114661
114662
114663
114664
114665
114666
114667
114668
114669
114670
114701
114704
114705
114706
114707
114708
114709
114710
114711
114712
114713
114714
114745
114748
114749
114750
114751
114752
114753
114754
114755
114756
114757
114758
114791
114793
114794
114795
114796
114797
114798
114799
114800
114801
114802
114803
114804
114807
114849
114851
114852
114853
114854
114855
114856
114857
114858
114859
114860
114861
114862
114863
114864
114865
114866
114869
114921
114924
114926
114927
114929
114930
114932
115590
115591
115593
115594
115595
115596
115597
115598
115599
115600
115601
115603
115650
115651
115652
115653
115654
115655
115656
115657
115658
115659
115660
115661
115662
115663
115664
115666
115667
115719
115720
115721
115722
115723
115724
115725
115726
115727
115728
115729
115730
115732
115733
115772
115775
115776
115777
115778
115779
115780
115781
115782
115783
115784
115785
115816
115819
115820
115821
115822
115823
115824
115825
115826
115827
115828
115829
115860
115863
115864
115865
115866
115867
115868
115869
115870
115871
115872
115873
115904
115907
115908
115909
115910
115911
115912
115913
115914
115915
115916
115917
115950
115952
115953
115954
115955
115956
115957
115958
115959
115960
115961
115962
115963
115966
116008
116010
116011
116012
116013
116014
116015
116016
116017
116018
116019
116020
116021
116022
116023
116024
116025
116028
116080
116083
116085
116086
116088
116089
116091
116749
116750
116752
116753
116754
116755
116756
116757
116758
116759
116760
116762
116809
116810
116811
116812
116813
116814
116815
116816
116817
116818
116819
116820
116821
116822
116823
116825
116826
116878
116879
116880
116881
116882
116883
116884
116885
116886
116887
116888
116889
116891
116892
116931
116934
116935
116936
116937
116938
116939
116940
116941
116942
116943
116944
116975
116978
116979
116980
116981
116982
116983
116984
116985
116986
116987
116988
117019
117022
117023
117024
117025
117026
117027
117028
117029
117030
117031
117032
117063
117066
117067
117068
117069
117070
117071
117072
117073
117074
117075
117076
117109
117111
117112
117113
117114
117115
117116
117117
117118
117119
117120
117121
117122
117125
117167
117169
117170
117171
117172
117173
117174
117175
117176
117177
117178
117179
117180
117181
117182
117183
117184
117187
117239
117242
117244
117245
117247
117248
117250
117908
117909
117911
117912
117913
117914
117915
117916
117917
117918
117919
117921
117968
117969
117970
117971
117972
117973
117974
117975
117976
117977
117978
117979
117980
117981
117982
117984
117985
118037
118038
118039
118040
118041
118042
118043
118044
118045
118046
118047
118048
118050
118051
118090
118093
118094
118095
118096
118097
118098
118099
118100
118101
118102
118103
118134
118137
118138
118139
118140
118141
118142
118143
118144
118145
118146
118147
118178
118181
118182
118183
118184
118185
118186
118187
118188
118189
118190
118191
118222
118225
118226
118227
118228
118229
118230
118231
118232
118233
118234
118235
118268
118270
118271
118272
118273
118274
118275
118276
118277
118278
118279
118280
118281
118284
118326
118328
118329
118330
118331
118332
118333
118334
118335
118336
118337
118338
118339
118340
118341
118342
118343
118346
118398
118401
118403
118404
118406
118407
118409
119067
119068
119070
119071
119072
119073
119074
119075
119076
119077
119078
119080
119127
119128
119129
119130
119131
119132
119133
119134
119135
119136
119137
119138
119139
119140
119141
119143
119144
119196
119197
119198
119199
119200
119201
119202
119203
119204
119205
119206
119207
119209
119210
119249
119252
119253
119254
119255
119256
119257
119258
119259
119260
119261
119262
119293
119296
119297
119298
119299
119300
119301
119302
119303
119304
119305
119306
119337
119340
119341
119342
119343
119344
119345
119346
119347
119348
119349
119350
119381
119384
119385
119386
119387
119388
119389
119390
119391
119392
119393
119394
119427
119429
119430
119431
119432
119433
119434
119435
119436
119437
119438
119439
119440
119443
119485
119487
119488
119489
119490
119491
119492
119493
119494
119495
119496
119497
119498
119499
119500
119501
119502
119505
119557
119560
119562
119563
119565
119566
119568
120226
120227
120229
120230
120231
120232
120233
120234
120235
120236
120237
120239
120286
120287
120288
120289
120290
120291
120292
120293
120294
120295
120296
120297
120298
120299
120300
120302
120303
120355
120356
120357
120358
120359
120360
120361
120362
120363
120364
120365
120366
120368
120369
120408
120411
120412
120413
120414
120415
120416
120417
120418
120419
120420
120421
120452
120455
120456
120457
120458
120459
120460
120461
120462
120463
120464
120465
120496
120499
120500
120501
120502
120503
120504
120505
120506
120507
120508
120509
120540
120543
120544
120545
120546
120547
120548
120549
120550
120551
120552
120553
120586
120588
120589
120590
120591
120592
120593
120594
120595
120596
120597
120598
120599
120602
120644
120646
120647
120648
120649
120650
120651
120652
120653
120654
120655
120656
120657
120658
120659
120660
120661
120664
120716
120719
120721
120722
120724
120725
120727
121385
121386
121388
121389
121390
121391
121392
121393
121394
121395
121396
121398
121445
121446
121447
121448
121449
121450
121451
121452
121453
121454
121455
121456
121457
121458
121459
121461
121462
121514
121515
121516
121517
121518
121519
121520
121521
121522
121523
121524
121525
121527
121528
121567
121570
121571
121572
121573
121574
121575
121576
121577
121578
121579
121580
121611
121614
121615
121616
121617
121618
121619
121620
121621
121622
121623
121624
121655
121658
121659
121660
121661
121662
121663
121664
121665
121666
121667
121668
121699
121702
121703
121704
121705
121706
121707
121708
121709
121710
121711
121712
121745
121747
121748
121749
121750
121751
121752
121753
121754
121755
121756
121757
121758
121761
121803
121805
121806
121807
121808
121809
121810
121811
121812
121813
121814
121815
121816
121817
121818
121819
121820
121823
121875
121878
121880
121881
121883
121884
121886
122544
122545
122547
122548
122549
122550
122551
122552
122553
122554
122555
122557
122604
122605
122606
122607
122608
122609
122610
122611
122612
122613
122614
122615
122616
122617
122618
122620
122621
122673
122674
122675
122676
122677
122678
122679
122680
122681
122682
122683
122684
122686
122687
122726
122729
122730
122731
122732
122733
122734
122735
122736
122737
122738
122739
122770
122773
122774
122775
122776
122777
122778
122779
122780
122781
122782
122783
122814
122817
122818
122819
122820
122821
122822
122823
122824
122825
122826
122827
122858
122861
122862
122863
122864
122865
122866
122867
122868
122869
122870
122871
122904
122906
122907
122908
122909
122910
122911
122912
122913
122914
122915
122916
122917
122920
122962
122964
122965
122966
122967
122968
122969
122970
122971
122972
122973
122974
122975
122976
122977
122978
122979
122982
123034
123037
123039
123040
123042
123043
123045
123703
123704
123706
123707
123708
123709
123710
123711
123712
123713
123714
123716
123763
123764
123765
123766
123767
123768
123769
123770
123771
123772
123773
123774
123775
123776
123777
123779
123780
123832
123833
123834
123835
123836
123837
123838
123839
123840
123841
123842
123843
123845
123846
123885
123888
123889
123890
123891
123892
123893
123894
123895
123896
123897
123898
123929
123932
123933
123934
123935
123936
123937
123938
123939
123940
123941
123942
123973
123976
123977
123978
123979
123980
123981
123982
123983
123984
123985
123986
124017
124020
124021
124022
124023
124024
124025
124026
124027
124028
124029
124030
124063
124065
124066
124067
124068
124069
124070
124071
124072
124073
124074
124075
124076
124079
124121
124123
124124
124125
124126
124127
124128
124129
124130
124131
124132
124133
124134
124135
124136
124137
124138
124141
124193
124196
124198
124199
124201
124202
124204
124862
124863
124865
124866
124867
124868
124869
124870
124871
124872
124873
124875
124922
124923
124924
124925
124926
124927
124928
124929
124930
124931
124932
124933
124934
124935
124936
124938
124939
124991
124992
124993
124994
124995
124996
124997
124998
124999
125000
125001
125002
125004
125005
125044
125047
125048
125049
125050
125051
125052
125053
125054
125055
125056
125057
125088
125091
125092
125093
125094
125095
125096
125097
125098
125099
125100
125101
125132
125135
125136
125137
125138
125139
125140
125141
125142
125143
125144
125145
125176
125179
125180
125181
125182
125183
125184
125185
125186
125187
125188
125189
125222
125224
125225
125226
125227
125228
125229
125230
125231
125232
125233
125234
125235
125238
125280
125282
125283
125284
125285
125286
125287
125288
125289
125290
125291
125292
125293
125294
125295
125296
125297
125300
125352
125355
125357
125358
125360
125361
125363
126021
126022
126024
126025
126026
126027
126028
126029
126030
126031
126032
126034
126081
126082
126083
126084
126085
126086
126087
126088
126089
126090
126091
126092
126093
126094
126095
126097
126098
126150
126151
126152
126153
126154
126155
126156
126157
126158
126159
126160
126161
126163
126164
126203
126206
126207
126208
126209
126210
126211
126212
126213
126214
126215
126216
126247
126250
126251
126252
126253
126254
126255
126256
126257
126258
126259
126260
126291
126294
126295
126296
126297
126298
126299
126300
126301
126302
126303
126304
126335
126338
126339
126340
126341
126342
126343
126344
126345
126346
126347
126348
126381
126383
126384
126385
126386
126387
126388
126389
126390
126391
126392
126393
126394
126397
126439
126441
126442
126443
126444
126445
126446
126447
126448
126449
126450
126451
126452
126453
126454
126455
126456
126459
126511
126514
126516
126517
126519
126520
126522
127180
127181
127183
127184
127185
127186
127187
127188
127189
127190
127191
127193
127240
127241
127242
127243
127244
127245
127246
127247
127248
127249
127250
127251
127252
127253
127254
127256
127257
127309
127310
127311
127312
127313
127314
127315
127316
127317
127318
127319
127320
127322
127323
127362
127365
127366
127367
127368
127369
127370
127371
127372
127373
127374
127375
127406
127409
127410
127411
127412
127413
127414
127415
127416
127417
127418
127419
127450
127453
127454
127455
127456
127457
127458
127459
127460
127461
127462
127463
127494
127497
127498
127499
127500
127501
127502
127503
127504
127505
127506
127507
127540
127542
127543
127544
127545
127546
127547
127548
127549
127550
127551
127552
127553
127556
127598
127600
127601
127602
127603
127604
127605
127606
127607
127608
127609
127610
127611
127612
127613
127614
127615
127618
127670
127673
127675
127676
127678
127679
127681
128339
128340
128342
128343
128344
128345
128346
128347
128348
128349
128350
128352
128399
128400
128401
128402
128403
128404
128405
128406
128407
128408
128409
128410
128411
128412
128413
128415
128416
128468
128469
128470
128471
128472
128473
128474
128475
128476
128477
128478
128479
128481
128482
128521
128524
128525
128526
128527
128528
128529
128530
128531
128532
128533
128534
128565
128568
128569
128570
128571
128572
128573
128574
128575
128576
128577
128578
128609
128612
128613
128614
128615
128616
128617
128618
128619
128620
128621
128622
128653
128656
128657
128658
128659
128660
128661
128662
128663
128664
128665
128666
128699
128701
128702
128703
128704
128705
128706
128707
128708
128709
128710
128711
128712
128715
128757
128759
128760
128761
128762
128763
128764
128765
128766
128767
128768
128769
128770
128771
128772
128773
128774
128777
128829
128832
128834
128835
128837
128838
128840
129765
129766
129768
129769
129770
129771
129772
129773
129774
129775
129776
129778
129825
129826
129827
129828
129829
129830
129831
129832
129833
129834
129835
129836
129837
129838
129839
129840
129841
129842
129844
129845
129903
129904
129905
129906
129907
129908
129909
129910
129911
129912
129913
129914
129915
129916
129917
129918
129919
129920
129921
129922
129923
129924
129925
129926
129928
129929
129992
129995
129996
129997
129998
129999
130000
130001
130002
130003
130004
130005
130006
130007
130008
130009
130010
130011
130012
130013
130014
130015
130016
130017
130018
130019
130020
130021
130084
130087
130088
130089
130090
130091
130092
130093
130094
130095
130096
130097
130098
130099
130100
130101
130102
130103
130104
130105
130106
130107
130108
130109
130110
130111
130112
130113
130176
130179
130180
130181
130182
130183
130184
130185
130186
130187
130188
130189
130190
130191
130192
130193
130194
130195
130196
130197
130198
130199
130200
130201
130202
130203
130204
130205
130268
130271
130272
130273
130274
130275
130276
130277
130278
130279
130280
130281
130282
130283
130284
130285
130286
130287
130288
130289
130290
130291
130292
130293
130294
130295
130296
130297
130362
130364
130365
130366
130367
130368
130369
130370
130371
130372
130373
130374
130375
130376
130377
130378
130379
130380
130381
130382
130383
130384
130385
130388
130450
130452
130453
130454
130455
130456
130457
130458
130459
130460
130461
130462
130463
130464
130465
130466
130467
130470
130522
130525
130527
130528
130530
130531
130533
130958
130959
130960
130967
130968
130969
130970
130971
130972
130973
130974
130975
130976
130977
130978
131003
131004
131005
131006
131007
131008
131009
131010
131011
131012
131013
131014
131015
131016
131017
131018
131019
131020
131057
131058
131059
131060
131061
131062
131063
131064
131065
131066
131067
131068
131069
131070
131071
131072
131073
131074
131075
131076
131077
131078
131123
131124
131125
131126
131127
131128
131129
131130
131131
131132
131133
131134
131135
131136
131137
131138
131139
131140
131141
131142
131143
131144
131189
131190
131191
131192
131193
131194
131195
131196
131197
131198
131199
131200
131201
131202
131203
131204
131237
131238
131239
131240
131241
131242
131243
131244
131245
131246
132295
132298
132301
132304
132339
132340
132341
132342
132343
132344
132345
132346
132347
132348
132349
132350
132351
132352
132353
132355
132356
132402
132403
132404
132405
132406
132407
132408
132409
132410
132411
132413
132414
132449
132450
132452
132453
132454
132455
132456
132457
132458
132460
132489
132490
132491
132492
132493
132494
132495
132496
132497
132498
132500
132501
132529
132530
132531
132532
132533
132534
132535
132536
132537
132538
132540
132541
132569
132570
132571
132572
132573
132574
132575
132576
132577
132578
132580
132581
132609
132612
132613
132614
132615
132616
132617
132618
132619
132620
132655
132657
132658
132659
132660
132661
132662
132663
132664
132665
132666
132667
132668
132671
132709
132711
132712
132713
132714
132715
132716
132717
132718
132719
132720
132721
132722
132723
132726
133292
133295
133298
133301
133336
133337
133338
133339
133340
133341
133342
133343
133344
133345
133346
133347
133348
133349
133350
133352
133353
133399
133400
133401
133402
133403
133404
133405
133406
133407
133408
133410
133411
133446
133447
133449
133450
133451
133452
133453
133454
133455
133457
133486
133487
133488
133489
133490
133491
133492
133493
133494
133495
133497
133498
133526
133527
133528
133529
133530
133531
133532
133533
133534
133535
133537
133538
133566
133567
133568
133569
133570
133571
133572
133573
133574
133575
133577
133578
133606
133609
133610
133611
133612
133613
133614
133615
133616
133617
133652
133654
133655
133656
133657
133658
133659
133660
133661
133662
133663
133664
133665
133668
133706
133708
133709
133710
133711
133712
133713
133714
133715
133716
133717
133718
133719
133720
133723
134289
134292
134295
134298
134333
134334
134335
134336
134337
134338
134339
134340
134341
134342
134343
134344
134345
134346
134347
134349
134350
134396
134397
134398
134399
134400
134401
134402
134403
134404
134405
134407
134408
134443
134444
134446
134447
134448
134449
134450
134451
134452
134454
134483
134484
134485
134486
134487
134488
134489
134490
134491
134492
134494
134495
134523
134524
134525
134526
134527
134528
134529
134530
134531
134532
134534
134535
134563
134564
134565
134566
134567
134568
134569
134570
134571
134572
134574
134575
134603
134606
134607
134608
134609
134610
134611
134612
134613
134614
134649
134651
134652
134653
134654
134655
134656
134657
134658
134659
134660
134661
134662
134665
134703
134705
134706
134707
134708
134709
134710
134711
134712
134713
134714
134715
134716
134717
134720
135286
135289
135292
135295
135330
135331
135332
135333
135334
135335
135336
135337
135338
135339
135340
135341
135342
135343
135344
135346
135347
135393
135394
135395
135396
135397
135398
135399
135400
135401
135402
135404
135405
135440
135441
135443
135444
135445
135446
135447
135448
135449
135451
135480
135481
135482
135483
135484
135485
135486
135487
135488
135489
135491
135492
135520
135521
135522
135523
135524
135525
135526
135527
135528
135529
135531
135532
135560
135561
135562
135563
135564
135565
135566
135567
135568
135569
135571
135572
135600
135603
135604
135605
135606
135607
135608
135609
135610
135611
135646
135648
135649
135650
135651
135652
135653
135654
135655
135656
135657
135658
135659
135662
135700
135702
135703
135704
135705
135706
135707
135708
135709
135710
135711
135712
135713
135714
135717
136283
136286
136289
136292
136327
136328
136329
136330
136331
136332
136333
136334
136335
136336
136337
136338
136339
136340
136341
136343
136344
136390
136391
136392
136393
136394
136395
136396
136397
136398
136399
136401
136402
136437
136438
136440
136441
136442
136443
136444
136445
136446
136448
136477
136478
136479
136480
136481
136482
136483
136484
136485
136486
136488
136489
136517
136518
136519
136520
136521
136522
136523
136524
136525
136526
136528
136529
136557
136558
136559
136560
136561
136562
136563
136564
136565
136566
136568
136569
136597
136600
136601
136602
136603
136604
136605
136606
136607
136608
136643
136645
136646
136647
136648
136649
136650
136651
136652
136653
136654
136655
136656
136659
136697
136699
136700
136701
136702
136703
136704
136705
136706
136707
136708
136709
136710
136711
136714
137280
137283
137286
137289
137324
137325
137326
137327
137328
137329
137330
137331
137332
137333
137334
137335
137336
137337
137338
137340
137341
137387
137388
137389
137390
137391
137392
137393
137394
137395
137396
137398
137399
137434
137435
137437
137438
137439
137440
137441
137442
137443
137445
137474
137475
137476
137477
137478
137479
137480
137481
137482
137483
137485
137486
137514
137515
137516
137517
137518
137519
137520
137521
137522
137523
137525
137526
137554
137555
137556
137557
137558
137559
137560
137561
137562
137563
137565
137566
137594
137597
137598
137599
137600
137601
137602
137603
137604
137605
137640
137642
137643
137644
137645
137646
137647
137648
137649
137650
137651
137652
137653
137656
137694
137696
137697
137698
137699
137700
137701
137702
137703
137704
137705
137706
137707
137708
137711
138277
138280
138283
138286
138321
138322
138323
138324
138325
138326
138327
138328
138329
138330
138331
138332
138333
138334
138335
138337
138338
138384
138385
138386
138387
138388
138389
138390
138391
138392
138393
138395
138396
138431
138432
138434
138435
138436
138437
138438
138439
138440
138442
138471
138472
138473
138474
138475
138476
138477
138478
138479
138480
138482
138483
138511
138512
138513
138514
138515
138516
138517
138518
138519
138520
138522
138523
138551
138552
138553
138554
138555
138556
138557
138558
138559
138560
138562
138563
138591
138594
138595
138596
138597
138598
138599
138600
138601
138602
138637
138639
138640
138641
138642
138643
138644
138645
138646
138647
138648
138649
138650
138653
138691
138693
138694
138695
138696
138697
138698
138699
138700
138701
138702
138703
138704
138705
138708
139274
139277
139280
139283
139318
139319
139320
139321
139322
139323
139324
139325
139326
139327
139328
139329
139330
139331
139332
139334
139335
139381
139382
139383
139384
139385
139386
139387
139388
139389
139390
139392
139393
139428
139429
139431
139432
139433
139434
139435
139436
139437
139439
139468
139469
139470
139471
139472
139473
139474
139475
139476
139477
139479
139480
139508
139509
139510
139511
139512
139513
139514
139515
139516
139517
139519
139520
139548
139549
139550
139551
139552
139553
139554
139555
139556
139557
139559
139560
139588
139591
139592
139593
139594
139595
139596
139597
139598
139599
139634
139636
139637
139638
139639
139640
139641
139642
139643
139644
139645
139646
139647
139650
139688
139690
139691
139692
139693
139694
139695
139696
139697
139698
139699
139700
139701
139702
139705
140271
140274
140277
140280
140315
140316
140317
140318
140319
140320
140321
140322
140323
140324
140325
140326
140327
140328
140329
140331
140332
140378
140379
140380
140381
140382
140383
140384
140385
140386
140387
140389
140390
140425
140426
140428
140429
140430
140431
140432
140433
140434
140436
140465
140466
140467
140468
140469
140470
140471
140472
140473
140474
140476
140477
140505
140506
140507
140508
140509
140510
140511
140512
140513
140514
140516
140517
140545
140546
140547
140548
140549
140550
140551
140552
140553
140554
140556
140557
140585
140588
140589
140590
140591
140592
140593
140594
140595
140596
140631
140633
140634
140635
140636
140637
140638
140639
140640
140641
140642
140643
140644
140647
140685
140687
140688
140689
140690
140691
140692
140693
140694
140695
140696
140697
140698
140699
140702
141268
141271
141274
141277
141312
141313
141314
141315
141316
141317
141318
141319
141320
141321
141322
141323
141324
141325
141326
141328
141329
141375
141376
141377
141378
141379
141380
141381
141382
141383
141384
141386
141387
141422
141423
141425
141426
141427
141428
141429
141430
141431
141433
141462
141463
141464
141465
141466
141467
141468
141469
141470
141471
141473
141474
141502
141503
141504
141505
141506
141507
141508
141509
141510
141511
141513
141514
141542
141543
141544
141545
141546
141547
141548
141549
141550
141551
141553
141554
141582
141585
141586
141587
141588
141589
141590
141591
141592
141593
141628
141630
141631
141632
141633
141634
141635
141636
141637
141638
141639
141640
141641
141644
141682
141684
141685
141686
141687
141688
141689
141690
141691
141692
141693
141694
141695
141696
141699
142265
142268
142271
142274
142309
142310
142311
142312
142313
142314
142315
142316
142317
142318
142319
142320
142321
142322
142323
142325
142326
142372
142373
142374
142375
142376
142377
142378
142379
142380
142381
142383
142384
142419
142420
142422
142423
142424
142425
142426
142427
142428
142430
142459
142460
142461
142462
142463
142464
142465
142466
142467
142468
142470
142471
142499
142500
142501
142502
142503
142504
142505
142506
142507
142508
142510
142511
142539
142540
142541
142542
142543
142544
142545
142546
142547
142548
142550
142551
142579
142582
142583
142584
142585
142586
142587
142588
142589
142590
142625
142627
142628
142629
142630
142631
142632
142633
142634
142635
142636
142637
142638
142641
142679
142681
142682
142683
142684
142685
142686
142687
142688
142689
142690
142691
142692
142693
142696
143262
143265
143268
143271
143306
143307
143308
143309
143310
143311
143312
143313
143314
143315
143316
143317
143318
143319
143320
143322
143323
143369
143370
143371
143372
143373
143374
143375
143376
143377
143378
143380
143381
143416
143417
143419
143420
143421
143422
143423
143424
143425
143427
143456
143457
143458
143459
143460
143461
143462
143463
143464
143465
143467
143468
143496
143497
143498
143499
143500
143501
143502
143503
143504
143505
143507
143508
143536
143537
143538
143539
143540
143541
143542
143543
143544
143545
143547
143548
143576
143579
143580
143581
143582
143583
143584
143585
143586
143587
143622
143624
143625
143626
143627
143628
143629
143630
143631
143632
143633
143634
143635
143638
143676
143678
143679
143680
143681
143682
143683
143684
143685
143686
143687
143688
143689
143690
143693
144259
144262
144265
144268
144303
144304
144305
144306
144307
144308
144309
144310
144311
144312
144313
144314
144315
144316
144317
144319
144320
144366
144367
144368
144369
144370
144371
144372
144373
144374
144375
144377
144378
144413
144414
144416
144417
144418
144419
144420
144421
144422
144424
144453
144454
144455
144456
144457
144458
144459
144460
144461
144462
144464
144465
144493
144494
144495
144496
144497
144498
144499
144500
144501
144502
144504
144505
144533
144534
144535
144536
144537
144538
144539
144540
144541
144542
144544
144545
144573
144576
144577
144578
144579
144580
144581
144582
144583
144584
144619
144621
144622
144623
144624
144625
144626
144627
144628
144629
144630
144631
144632
144635
144673
144675
144676
144677
144678
144679
144680
144681
144682
144683
144684
144685
144686
144687
144690
145256
145259
145262
145265
145300
145301
145302
145303
145304
145305
145306
145307
145308
145309
145310
145311
145312
145313
145314
145316
145317
145363
145364
145365
145366
145367
145368
145369
145370
145371
145372
145374
145375
145410
145411
145413
145414
145415
145416
145417
145418
145419
145421
145450
145451
145452
145453
145454
145455
145456
145457
145458
145459
145461
145462
145490
145491
145492
145493
145494
145495
145496
145497
145498
145499
145501
145502
145530
145531
145532
145533
145534
145535
145536
145537
145538
145539
145541
145542
145570
145573
145574
145575
145576
145577
145578
145579
145580
145581
145616
145618
145619
145620
145621
145622
145623
145624
145625
145626
145627
145628
145629
145632
145670
145672
145673
145674
145675
145676
145677
145678
145679
145680
145681
145682
145683
145684
145687
146253
146256
146259
146262
146297
146298
146299
146300
146301
146302
146303
146304
146305
146306
146307
146308
146309
146310
146311
146313
146314
146360
146361
146362
146363
146364
146365
146366
146367
146368
146369
146371
146372
146407
146408
146410
146411
146412
146413
146414
146415
146416
146418
146447
146448
146449
146450
146451
146452
146453
146454
146455
146456
146458
146459
146487
146488
146489
146490
146491
146492
146493
146494
146495
146496
146498
146499
146527
146528
146529
146530
146531
146532
146533
146534
146535
146536
146538
146539
146567
146570
146571
146572
146573
146574
146575
146576
146577
146578
146613
146615
146616
146617
146618
146619
146620
146621
146622
146623
146624
146625
146626
146629
146667
146669
146670
146671
146672
146673
146674
146675
146676
146677
146678
146679
146680
146681
146684
147250
147253
147256
147259
147294
147295
147296
147297
147298
147299
147300
147301
147302
147303
147304
147305
147306
147307
147308
147310
147311
147357
147358
147359
147360
147361
147362
147363
147364
147365
147366
147368
147369
147404
147405
147407
147408
147409
147410
147411
147412
147413
147415
147444
147445
147446
147447
147448
147449
147450
147451
147452
147453
147455
147456
147484
147485
147486
147487
147488
147489
147490
147491
147492
147493
147495
147496
147524
147525
147526
147527
147528
147529
147530
147531
147532
147533
147535
147536
147564
147567
147568
147569
147570
147571
147572
147573
147574
147575
147610
147612
147613
147614
147615
147616
147617
147618
147619
147620
147621
147622
147623
147626
147664
147666
147667
147668
147669
147670
147671
147672
147673
147674
147675
147676
147677
147678
147681
148247
148250
148253
148256
148291
148292
148293
148294
148295
148296
148297
148298
148299
148300
148301
148302
148303
148304
148305
148307
148308
148354
148355
148356
148357
148358
148359
148360
148361
148362
148363
148365
148366
148401
148402
148404
148405
148406
148407
148408
148409
148410
148412
148441
148442
148443
148444
148445
148446
148447
148448
148449
148450
148452
148453
148481
148482
148483
148484
148485
148486
148487
148488
148489
148490
148492
148493
148521
148522
148523
148524
148525
148526
148527
148528
148529
148530
148532
148533
148561
148564
148565
148566
148567
148568
148569
148570
148571
148572
148607
148609
148610
148611
148612
148613
148614
148615
148616
148617
148618
148619
148620
148623
148661
148663
148664
148665
148666
148667
148668
148669
148670
148671
148672
148673
148674
148675
148678
149244
149247
149250
149253
149288
149289
149290
149291
149292
149293
149294
149295
149296
149297
149298
149299
149300
149301
149302
149304
149305
149351
149352
149353
149354
149355
149356
149357
149358
149359
149360
149362
149363
149398
149399
149401
149402
149403
149404
149405
149406
149407
149409
149438
149439
149440
149441
149442
149443
149444
149445
149446
149447
149449
149450
149478
149479
149480
149481
149482
149483
149484
149485
149486
149487
149489
149490
149518
149519
149520
149521
149522
149523
149524
149525
149526
149527
149529
149530
149558
149561
149562
149563
149564
149565
149566
149567
149568
149569
149604
149606
149607
149608
149609
149610
149611
149612
149613
149614
149615
149616
149617
149620
149658
149660
149661
149662
149663
149664
149665
149666
149667
149668
149669
149670
149671
149672
149675
150241
150244
150247
150250
150285
150286
150287
150288
150289
150290
150291
150292
150293
150294
150295
150296
150297
150298
150299
150301
150302
150348
150349
150350
150351
150352
150353
150354
150355
150356
150357
150359
150360
150395
150396
150398
150399
150400
150401
150402
150403
150404
150406
150435
150436
150437
150438
150439
150440
150441
150442
150443
150444
150446
150447
150475
150476
150477
150478
150479
150480
150481
150482
150483
150484
150486
150487
150515
150516
150517
150518
150519
150520
150521
150522
150523
150524
150526
150527
150555
150558
150559
150560
150561
150562
150563
150564
150565
150566
150601
150603
150604
150605
150606
150607
150608
150609
150610
150611
150612
150613
150614
150617
150655
150657
150658
150659
150660
150661
150662
150663
150664
150665
150666
150667
150668
150669
150672
151238
151241
151244
151247
151282
151283
151284
151285
151286
151287
151288
151289
151290
151291
151292
151293
151294
151295
151296
151298
151299
151345
151346
151347
151348
151349
151350
151351
151352
151353
151354
151356
151357
151392
151393
151395
151396
151397
151398
151399
151400
151401
151403
151432
151433
151434
151435
151436
151437
151438
151439
151440
151441
151443
151444
151472
151473
151474
151475
151476
151477
151478
151479
151480
151481
151483
151484
151512
151513
151514
151515
151516
151517
151518
151519
151520
151521
151523
151524
151552
151555
151556
151557
151558
151559
151560
151561
151562
151563
151598
151600
151601
151602
151603
151604
151605
151606
151607
151608
151609
151610
151611
151614
151652
151654
151655
151656
151657
151658
151659
151660
151661
151662
151663
151664
151665
151666
151669
152235
152238
152241
152244
152279
152280
152281
152282
152283
152284
152285
152286
152287
152288
152289
152290
152291
152292
152293
152295
152296
152342
152343
152344
152345
152346
152347
152348
152349
152350
152351
152353
152354
152389
152390
152392
152393
152394
152395
152396
152397
152398
152400
152429
152430
152431
152432
152433
152434
152435
152436
152437
152438
152440
152441
152469
152470
152471
152472
152473
152474
152475
152476
152477
152478
152480
152481
152509
152510
152511
152512
152513
152514
152515
152516
152517
152518
152520
152521
152549
152552
152553
152554
152555
152556
152557
152558
152559
152560
152595
152597
152598
152599
152600
152601
152602
152603
152604
152605
152606
152607
152608
152611
152649
152651
152652
152653
152654
152655
152656
152657
152658
152659
152660
152661
152662
152663
152666
153232
153235
153238
153241
153276
153277
153278
153279
153280
153281
153282
153283
153284
153285
153286
153287
153288
153289
153290
153292
153293
153339
153340
153341
153342
153343
153344
153345
153346
153347
153348
153350
153351
153386
153387
153389
153390
153391
153392
153393
153394
153395
153397
153426
153427
153428
153429
153430
153431
153432
153433
153434
153435
153437
153438
153466
153467
153468
153469
153470
153471
153472
153473
153474
153475
153477
153478
153506
153507
153508
153509
153510
153511
153512
153513
153514
153515
153517
153518
153546
153549
153550
153551
153552
153553
153554
153555
153556
153557
153592
153594
153595
153596
153597
153598
153599
153600
153601
153602
153603
153604
153605
153608
153646
153648
153649
153650
153651
153652
153653
153654
153655
153656
153657
153658
153659
153660
153663
154229
154232
154235
154238
154273
154274
154275
154276
154277
154278
154279
154280
154281
154282
154283
154284
154285
154286
154287
154289
154290
154336
154337
154338
154339
154340
154341
154342
154343
154344
154345
154347
154348
154383
154384
154386
154387
154388
154389
154390
154391
154392
154394
154423
154424
154425
154426
154427
154428
154429
154430
154431
154432
154434
154435
154463
154464
154465
154466
154467
154468
154469
154470
154471
154472
154474
154475
154503
154504
154505
154506
154507
154508
154509
154510
154511
154512
154514
154515
154543
154546
154547
154548
154549
154550
154551
154552
154553
154554
154589
154591
154592
154593
154594
154595
154596
154597
154598
154599
154600
154601
154602
154605
154643
154645
154646
154647
154648
154649
154650
154651
154652
154653
154654
154655
154656
154657
154660
155226
155229
155232
155235
155270
155271
155272
155273
155274
155275
155276
155277
155278
155279
155280
155281
155282
155283
155284
155286
155287
155333
155334
155335
155336
155337
155338
155339
155340
155341
155342
155344
155345
155380
155381
155383
155384
155385
155386
155387
155388
155389
155391
155420
155421
155422
155423
155424
155425
155426
155427
155428
155429
155431
155432
155460
155461
155462
155463
155464
155465
155466
155467
155468
155469
155471
155472
155500
155501
155502
155503
155504
155505
155506
155507
155508
155509
155511
155512
155540
155543
155544
155545
155546
155547
155548
155549
155550
155551
155586
155588
155589
155590
155591
155592
155593
155594
155595
155596
155597
155598
155599
155602
155640
155642
155643
155644
155645
155646
155647
155648
155649
155650
155651
155652
155653
155654
155657
156223
156226
156229
156232
156267
156268
156269
156270
156271
156272
156273
156274
156275
156276
156277
156278
156279
156280
156281
156283
156284
156330
156331
156332
156333
156334
156335
156336
156337
156338
156339
156341
156342
156377
156378
156380
156381
156382
156383
156384
156385
156386
156388
156417
156418
156419
156420
156421
156422
156423
156424
156425
156426
156428
156429
156457
156458
156459
156460
156461
156462
156463
156464
156465
156466
156468
156469
156497
156498
156499
156500
156501
156502
156503
156504
156505
156506
156508
156509
156537
156540
156541
156542
156543
156544
156545
156546
156547
156548
156583
156585
156586
156587
156588
156589
156590
156591
156592
156593
156594
156595
156596
156599
156637
156639
156640
156641
156642
156643
156644
156645
156646
156647
156648
156649
156650
156651
156654
157220
157223
157226
157229
157264
157265
157266
157267
157268
157269
157270
157271
157272
157273
157274
157275
157276
157277
157278
157280
157281
157327
157328
157329
157330
157331
157332
157333
157334
157335
157336
157338
157339
157374
157375
157377
157378
157379
157380
157381
157382
157383
157385
157414
157415
157416
157417
157418
157419
157420
157421
157422
157423
157425
157426
157454
157455
157456
157457
157458
157459
157460
157461
157462
157463
157465
157466
157494
157495
157496
157497
157498
157499
157500
157501
157502
157503
157505
157506
157534
157537
157538
157539
157540
157541
157542
157543
157544
157545
157580
157582
157583
157584
157585
157586
157587
157588
157589
157590
157591
157592
157593
157596
157634
157636
157637
157638
157639
157640
157641
157642
157643
157644
157645
157646
157647
157648
157651
158217
158220
158223
158226
158261
158262
158263
158264
158265
158266
158267
158268
158269
158270
158271
158272
158273
158274
158275
158277
158278
158324
158325
158326
158327
158328
158329
158330
158331
158332
158333
158335
158336
158371
158372
158374
158375
158376
158377
158378
158379
158380
158382
158411
158412
158413
158414
158415
158416
158417
158418
158419
158420
158422
158423
158451
158452
158453
158454
158455
158456
158457
158458
158459
158460
158462
158463
158491
158492
158493
158494
158495
158496
158497
158498
158499
158500
158502
158503
158531
158534
158535
158536
158537
158538
158539
158540
158541
158542
158577
158579
158580
158581
158582
158583
158584
158585
158586
158587
158588
158589
158590
158593
158631
158633
158634
158635
158636
158637
158638
158639
158640
158641
158642
158643
158644
158645
158648
159214
159217
159220
159223
159258
159259
159260
159261
159262
159263
159264
159265
159266
159267
159268
159269
159270
159271
159272
159274
159275
159321
159322
159323
159324
159325
159326
159327
159328
159329
159330
159332
159333
159368
159369
159371
159372
159373
159374
159375
159376
159377
159379
159408
159409
159410
159411
159412
159413
159414
159415
159416
159417
159419
159420
159448
159449
159450
159451
159452
159453
159454
159455
159456
159457
159459
159460
159488
159489
159490
159491
159492
159493
159494
159495
159496
159497
159499
159500
159528
159531
159532
159533
159534
159535
159536
159537
159538
159539
159574
159576
159577
159578
159579
159580
159581
159582
159583
159584
159585
159586
159587
159590
159628
159630
159631
159632
159633
159634
159635
159636
159637
159638
159639
159640
159641
159642
159645
160211
160214
160217
160220
160255
160256
160257
160258
160259
160260
160261
160262
160263
160264
160265
160266
160267
160268
160269
160271
160272
160318
160319
160320
160321
160322
160323
160324
160325
160326
160327
160329
160330
160365
160366
160368
160369
160370
160371
160372
160373
160374
160376
160405
160406
160407
160408
160409
160410
160411
160412
160413
160414
160416
160417
160445
160446
160447
160448
160449
160450
160451
160452
160453
160454
160456
160457
160485
160486
160487
160488
160489
160490
160491
160492
160493
160494
160496
160497
160525
160528
160529
160530
160531
160532
160533
160534
160535
160536
160571
160573
160574
160575
160576
160577
160578
160579
160580
160581
160582
160583
160584
160587
160625
160627
160628
160629
160630
160631
160632
160633
160634
160635
160636
160637
160638
160639
160642
161208
161211
161214
161217
161252
161253
161254
161255
161256
161257
161258
161259
161260
161261
161262
161263
161264
161265
161266
161268
161269
161315
161316
161317
161318
161319
161320
161321
161322
161323
161324
161326
161327
161362
161363
161365
161366
161367
161368
161369
161370
161371
161373
161402
161403
161404
161405
161406
161407
161408
161409
161410
161411
161413
161414
161442
161443
161444
161445
161446
161447
161448
161449
161450
161451
161453
161454
161482
161483
161484
161485
161486
161487
161488
161489
161490
161491
161493
161494
161522
161525
161526
161527
161528
161529
161530
161531
161532
161533
161568
161570
161571
161572
161573
161574
161575
161576
161577
161578
161579
161580
161581
161584
161622
161624
161625
161626
161627
161628
161629
161630
161631
161632
161633
161634
161635
161636
161639
162319
162322
162325
162328
162363
162364
162365
162366
162367
162368
162369
162370
162371
162372
162373
162374
162375
162376
162377
162379
162380
162426
162427
162428
162429
162430
162431
162432
162433
162434
162435
162436
162437
162438
162439
162441
162442
162485
162486
162488
162489
162490
162491
162492
162493
162494
162495
162496
162497
162498
162499
162500
162502
162543
162544
162545
162546
162547
162548
162549
162550
162551
162552
162553
162554
162555
162556
162557
162558
162560
162561
162601
162602
162603
162604
162605
162606
162607
162608
162609
162610
162611
162612
162613
162614
162615
162616
162618
162619
162659
162660
162661
162662
162663
162664
162665
162666
162667
162668
162669
162670
162671
162672
162673
162674
162676
162677
162717
162720
162721
162722
162723
162724
162725
162726
162727
162728
162729
162730
162731
162732
162733
162734
162781
162783
162784
162785
162786
162787
162788
162789
162790
162791
162792
162793
162794
162795
162796
162797
162798
162801
162847
162849
162850
162851
162852
162853
162854
162855
162856
162857
162858
162859
162860
162861
162864
163631
163634
163636
163638
163669
163670
163671
163672
163673
163674
163675
163676
163677
163678
163680
163714
163715
163716
163717
163718
163719
163720
163721
163722
163723
163724
163725
163726
163727
163728
163729
163730
163731
163733
163782
163783
163784
163785
163786
163787
163788
163789
163790
163791
163792
163793
163794
163795
163796
163797
163798
163799
163800
163801
163802
163803
163804
163805
163807
163861
163862
163863
163864
163865
163866
163867
163868
163869
163870
163871
163872
163873
163874
163875
163876
163877
163878
163879
163880
163881
163882
163883
163884
163885
163886
163888
163946
163947
163948
163949
163950
163951
163952
163953
163954
163955
163956
163957
163958
163959
163960
163961
163962
163963
163964
163965
163966
163967
163968
163969
163970
163971
163973
164031
164032
164033
164034
164035
164036
164037
164038
164039
164040
164041
164042
164043
164044
164045
164046
164047
164048
164049
164050
164051
164052
164053
164054
164055
164056
164058
164116
164118
164119
164120
164121
164122
164123
164124
164125
164126
164127
164128
164129
164130
164131
164132
164133
164134
164135
164136
164137
164138
164139
164195
164197
164198
164199
164200
164201
164202
164203
164204
164205
164206
164207
164208
164209
164210
164211
164212
164258
164260
164261
164262
164263
164264
164265
164266
164267
164737
164738
164740
164741
164743
164744
164746
164770
164771
164773
164774
164776
164777
164779
164780
164782
164783
164785
164821
164822
164824
164825
164827
164828
164830
164831
164833
164834
164836
164837
164839
164840
164842
164890
164891
164893
164894
164896
164897
164899
164900
164902
164903
164905
164906
164908
164909
164911
164959
164961
164962
164964
164965
164967
164968
164970
164971
164973
164974
164976
164977
165022
165024
165025
165027
165028
165030
165031
165033
165034
165067
165069
165071
165133
165134
165135
165144
165145
165146
165147
165148
165149
165150
165155
165156
165157
165158
165163
165164
165170
165171
165177
165178
165184
165185
165191
165192
165193
165194
165202
165203
165204
165205
165206
165207
165208
165215
165216
165217
165464
165465
165482
165483
165566
165567
165584
165585
165668
165669
165686
165687
165770
165771
165788
165789
165872
165873
165890
165891
165974
165975
165992
165993
166076
166077
166094
166095
166178
166179
166196
166197
166280
166281
166298
166299
166382
166383
166400
166401
166484
166485
166502
166503
166586
166587
166604
166605
166688
166689
166706
166707
166790
166791
166808
166809
166892
166893
166910
166911
166994
166995
167012
167013
167096
167097
167114
167115
167198
167199
167216
167217
167300
167301
167318
167319
167402
167403
167420
167421
167504
167505
167522
167523
167606
167607
167624
167625
167708
167709
167726
167727
167810
167811
167828
167829
167912
167913
167930
167931
168014
168015
168032
168033
168116
168117
168134
168135
168218
168219
168236
168237
168320
168321
168338
168339
168422
168423
168440
168441
168524
168525
168542
168543
169332
169333
169349
169350
169351
169352
169384
169385
169386
169387
169388
169389
169618
169619
169635
169636
169637
169638
169670
169671
169672
169673
169674
169675
169904
169905
169921
169922
169923
169924
169956
169957
169958
169959
169960
169961
170190
170191
170207
170208
170209
170210
170242
170243
170244
170245
170246
170247
170476
170477
170493
170494
170495
170496
170528
170529
170530
170531
170532
170533
170762
170763
170779
170780
170781
170782
170814
170815
170816
170817
170818
170819
171048
171049
171065
171066
171067
171068
171100
171101
171102
171103
171104
171105
171334
171335
171351
171352
171353
171354
171386
171387
171388
171389
171390
171391
171620
171621
171637
171638
171639
171640
171672
171673
171674
171675
171676
171677
171906
171907
171923
171924
171925
171926
171958
171959
171960
171961
171962
171963
172192
172193
172209
172210
172211
172212
172244
172245
172246
172247
172248
172249
172478
172479
172495
172496
172497
172498
172530
172531
172532
172533
172534
172535
172764
172765
172781
172782
172783
172784
172816
172817
172818
172819
172820
172821
173050
173051
173067
173068
173069
173070
173102
173103
173104
173105
173106
173107
173336
173337
173353
173354
173355
173356
173388
173389
173390
173391
173392
173393
173622
173623
173639
173640
173641
173642
173674
173675
173676
173677
173678
173679
173908
173909
173925
173926
173927
173928
173960
173961
173962
173963
173964
173965
174194
174195
174211
174212
174213
174214
174246
174247
174248
174249
174250
174251
174480
174481
174497
174498
174499
174500
174532
174533
174534
174535
174536
174537
174766
174767
174783
174784
174785
174786
174818
174819
174820
174821
174822
174823
175052
175053
175069
175070
175071
175072
175104
175105
175106
175107
175108
175109
175338
175339
175355
175356
175357
175358
175390
175391
175392
175393
175394
175395
175624
175625
175641
175642
175643
175644
175676
175677
175678
175679
175680
175681
175910
175911
175927
175928
175929
175930
175962
175963
175964
175965
175966
175967
176196
176197
176213
176214
176215
176216
176248
176249
176250
176251
176252
176253
176482
176483
176499
176500
176501
176502
176534
176535
176536
176537
176538
176539
176768
176769
176785
176786
176787
176788
176820
176821
176822
176823
176824
176825
177054
177055
177071
177072
177073
177074
177106
177107
177108
177109
177110
177111
177340
177341
177357
177358
177359
177360
177392
177393
177394
177395
177396
177397
177626
177627
177643
177644
177645
177646
177678
177679
177680
177681
177682
177683
177912
177913
177929
177930
177931
177932
177964
177965
177966
177967
177968
177969
180323
180324
180325
180326
180327
180328
180369
180370
180378
180379
180380
180381
180619
180620
180621
180622
180623
180624
180665
180666
180674
180675
180676
180677
180915
180916
180917
180918
180919
180920
180961
180962
180970
180971
180972
180973
181211
181212
181213
181214
181215
181216
181257
181258
181266
181267
181268
181269
181507
181508
181509
181510
181511
181512
181553
181554
181562
181563
181564
181565
181803
181804
181805
181806
181807
181808
181849
181850
181858
181859
181860
181861
182099
182100
182101
182102
182103
182104
182145
182146
182154
182155
182156
182157
182395
182396
182397
182398
182399
182400
182441
182442
182450
182451
182452
182453
182691
182692
182693
182694
182695
182696
182737
182738
182746
182747
182748
182749
182987
182988
182989
182990
182991
182992
183033
183034
183042
183043
183044
183045
183283
183284
183285
183286
183287
183288
183329
183330
183338
183339
183340
183341
183579
183580
183581
183582
183583
183584
183625
183626
183634
183635
183636
183637
183875
183876
183877
183878
183879
183880
183921
183922
183930
183931
183932
183933
184171
184172
184173
184174
184175
184176
184217
184218
184226
184227
184228
184229
184467
184468
184469
184470
184471
184472
184513
184514
184522
184523
184524
184525
184763
184764
184765
184766
184767
184768
184809
184810
184818
184819
184820
184821
185059
185060
185061
185062
185063
185064
185105
185106
185114
185115
185116
185117
185355
185356
185357
185358
185359
185360
185401
185402
185410
185411
185412
185413
185651
185652
185653
185654
185655
185656
185697
185698
185706
185707
185708
185709
185947
185948
185949
185950
185951
185952
185993
185994
186002
186003
186004
186005
186243
186244
186245
186246
186247
186248
186289
186290
186298
186299
186300
186301
186539
186540
186541
186542
186543
186544
186585
186586
186594
186595
186596
186597
186835
186836
186837
186838
186839
186840
186881
186882
186890
186891
186892
186893
187131
187132
187133
187134
187135
187136
187177
187178
187186
187187
187188
187189
187427
187428
187429
187430
187431
187432
187473
187474
187482
187483
187484
187485
187723
187724
187725
187726
187727
187728
187769
187770
187778
187779
187780
187781
188019
188020
188021
188022
188023
188024
188065
188066
188074
188075
188076
188077
188315
188316
188317
188318
188319
188320
188361
188362
188370
188371
188372
188373
188611
188612
188613
188614
188615
188616
188657
188658
188666
188667
188668
188669
188907
188908
188909
188910
188911
188912
188953
188954
188962
188963
188964
188965
189191
189192
189193
189194
189231
189232
189240
189241
191196
191197
191200
191201
)


// ************************************************************************* //
