/*--------------------------------*- C++ -*----------------------------------*\
| =========                 |                                                 |
| \\      /  F ield         | OpenFOAM: The Open Source CFD Toolbox           |
|  \\    /   O peration     | Version:  2606                                  |
|   \\  /    A nd           | Website:  www.openfoam.com                      |
|    \\/     M anipulation  |                                                 |
\*---------------------------------------------------------------------------*/
FoamFile
{
    version     2.0;
    format      ascii;
    arch        "LSB;label=32;scalar=64";
    class       labelList;
    location    "constant/cell1/polyMesh";
    object      cellRegionAddressing;
}
// * * * * * * * * * * * * * * * * * * * * * * * * * * * * * * * * * * * * * //


9262
(
224
225
226
312
313
314
315
316
317
401
402
403
404
405
406
407
408
491
492
493
494
495
496
497
498
499
581
582
583
584
585
586
587
588
589
671
672
673
674
675
676
677
678
679
761
762
763
764
765
766
767
768
852
853
854
855
856
857
858
943
944
945
946
947
2294
2295
2296
2382
2383
2384
2385
2386
2387
2471
2472
2473
2474
2475
2476
2477
2478
2561
2562
2563
2564
2565
2566
2567
2568
2569
2651
2652
2653
2654
2655
2656
2657
2658
2659
2741
2742
2743
2744
2745
2746
2747
2748
2749
2831
2832
2833
2834
2835
2836
2837
2838
2922
2923
2924
2925
2926
2927
2928
3013
3014
3015
3016
3017
4364
4365
4366
4452
4453
4454
4455
4456
4457
4541
4542
4543
4544
4545
4546
4547
4548
4631
4632
4633
4634
4635
4636
4637
4638
4639
4721
4722
4723
4724
4725
4726
4727
4728
4729
4811
4812
4813
4814
4815
4816
4817
4818
4819
4901
4902
4903
4904
4905
4906
4907
4908
4992
4993
4994
4995
4996
4997
4998
5083
5084
5085
5086
5087
6434
6435
6436
6522
6523
6524
6525
6526
6527
6611
6612
6613
6614
6615
6616
6617
6618
6701
6702
6703
6704
6705
6706
6707
6708
6709
6791
6792
6793
6794
6795
6796
6797
6798
6799
6881
6882
6883
6884
6885
6886
6887
6888
6889
6971
6972
6973
6974
6975
6976
6977
6978
7062
7063
7064
7065
7066
7067
7068
7153
7154
7155
7156
7157
8504
8505
8506
8592
8593
8594
8595
8596
8597
8681
8682
8683
8684
8685
8686
8687
8688
8771
8772
8773
8774
8775
8776
8777
8778
8779
8861
8862
8863
8864
8865
8866
8867
8868
8869
8951
8952
8953
8954
8955
8956
8957
8958
8959
9041
9042
9043
9044
9045
9046
9047
9048
9132
9133
9134
9135
9136
9137
9138
9223
9224
9225
9226
9227
10574
10575
10576
10662
10663
10664
10665
10666
10667
10751
10752
10753
10754
10755
10756
10757
10758
10841
10842
10843
10844
10845
10846
10847
10848
10849
10931
10932
10933
10934
10935
10936
10937
10938
10939
11021
11022
11023
11024
11025
11026
11027
11028
11029
11111
11112
11113
11114
11115
11116
11117
11118
11202
11203
11204
11205
11206
11207
11208
11293
11294
11295
11296
11297
12644
12645
12646
12732
12733
12734
12735
12736
12737
12821
12822
12823
12824
12825
12826
12827
12828
12911
12912
12913
12914
12915
12916
12917
12918
12919
13001
13002
13003
13004
13005
13006
13007
13008
13009
13091
13092
13093
13094
13095
13096
13097
13098
13099
13181
13182
13183
13184
13185
13186
13187
13188
13272
13273
13274
13275
13276
13277
13278
13363
13364
13365
13366
13367
14714
14715
14716
14802
14803
14804
14805
14806
14807
14891
14892
14893
14894
14895
14896
14897
14898
14981
14982
14983
14984
14985
14986
14987
14988
14989
15071
15072
15073
15074
15075
15076
15077
15078
15079
15161
15162
15163
15164
15165
15166
15167
15168
15169
15251
15252
15253
15254
15255
15256
15257
15258
15342
15343
15344
15345
15346
15347
15348
15433
15434
15435
15436
15437
16784
16785
16786
16872
16873
16874
16875
16876
16877
16961
16962
16963
16964
16965
16966
16967
16968
17051
17052
17053
17054
17055
17056
17057
17058
17059
17141
17142
17143
17144
17145
17146
17147
17148
17149
17231
17232
17233
17234
17235
17236
17237
17238
17239
17321
17322
17323
17324
17325
17326
17327
17328
17412
17413
17414
17415
17416
17417
17418
17503
17504
17505
17506
17507
18854
18855
18856
18942
18943
18944
18945
18946
18947
19031
19032
19033
19034
19035
19036
19037
19038
19121
19122
19123
19124
19125
19126
19127
19128
19129
19211
19212
19213
19214
19215
19216
19217
19218
19219
19301
19302
19303
19304
19305
19306
19307
19308
19309
19391
19392
19393
19394
19395
19396
19397
19398
19482
19483
19484
19485
19486
19487
19488
19573
19574
19575
19576
19577
20924
20925
20926
21012
21013
21014
21015
21016
21017
21101
21102
21103
21104
21105
21106
21107
21108
21191
21192
21193
21194
21195
21196
21197
21198
21199
21281
21282
21283
21284
21285
21286
21287
21288
21289
21371
21372
21373
21374
21375
21376
21377
21378
21379
21461
21462
21463
21464
21465
21466
21467
21468
21552
21553
21554
21555
21556
21557
21558
21643
21644
21645
21646
21647
22994
22995
22996
23082
23083
23084
23085
23086
23087
23171
23172
23173
23174
23175
23176
23177
23178
23261
23262
23263
23264
23265
23266
23267
23268
23269
23351
23352
23353
23354
23355
23356
23357
23358
23359
23441
23442
23443
23444
23445
23446
23447
23448
23449
23531
23532
23533
23534
23535
23536
23537
23538
23622
23623
23624
23625
23626
23627
23628
23713
23714
23715
23716
23717
25064
25065
25066
25152
25153
25154
25155
25156
25157
25241
25242
25243
25244
25245
25246
25247
25248
25331
25332
25333
25334
25335
25336
25337
25338
25339
25421
25422
25423
25424
25425
25426
25427
25428
25429
25511
25512
25513
25514
25515
25516
25517
25518
25519
25601
25602
25603
25604
25605
25606
25607
25608
25692
25693
25694
25695
25696
25697
25698
25783
25784
25785
25786
25787
27134
27135
27136
27222
27223
27224
27225
27226
27227
27311
27312
27313
27314
27315
27316
27317
27318
27401
27402
27403
27404
27405
27406
27407
27408
27409
27491
27492
27493
27494
27495
27496
27497
27498
27499
27581
27582
27583
27584
27585
27586
27587
27588
27589
27671
27672
27673
27674
27675
27676
27677
27678
27762
27763
27764
27765
27766
27767
27768
27853
27854
27855
27856
27857
29204
29205
29206
29292
29293
29294
29295
29296
29297
29381
29382
29383
29384
29385
29386
29387
29388
29471
29472
29473
29474
29475
29476
29477
29478
29479
29561
29562
29563
29564
29565
29566
29567
29568
29569
29651
29652
29653
29654
29655
29656
29657
29658
29659
29741
29742
29743
29744
29745
29746
29747
29748
29832
29833
29834
29835
29836
29837
29838
29923
29924
29925
29926
29927
31274
31275
31276
31362
31363
31364
31365
31366
31367
31451
31452
31453
31454
31455
31456
31457
31458
31541
31542
31543
31544
31545
31546
31547
31548
31549
31631
31632
31633
31634
31635
31636
31637
31638
31639
31721
31722
31723
31724
31725
31726
31727
31728
31729
31811
31812
31813
31814
31815
31816
31817
31818
31902
31903
31904
31905
31906
31907
31908
31993
31994
31995
31996
31997
33344
33345
33346
33432
33433
33434
33435
33436
33437
33521
33522
33523
33524
33525
33526
33527
33528
33611
33612
33613
33614
33615
33616
33617
33618
33619
33701
33702
33703
33704
33705
33706
33707
33708
33709
33791
33792
33793
33794
33795
33796
33797
33798
33799
33881
33882
33883
33884
33885
33886
33887
33888
33972
33973
33974
33975
33976
33977
33978
34063
34064
34065
34066
34067
35414
35415
35416
35502
35503
35504
35505
35506
35507
35591
35592
35593
35594
35595
35596
35597
35598
35681
35682
35683
35684
35685
35686
35687
35688
35689
35771
35772
35773
35774
35775
35776
35777
35778
35779
35861
35862
35863
35864
35865
35866
35867
35868
35869
35951
35952
35953
35954
35955
35956
35957
35958
36042
36043
36044
36045
36046
36047
36048
36133
36134
36135
36136
36137
37484
37485
37486
37572
37573
37574
37575
37576
37577
37661
37662
37663
37664
37665
37666
37667
37668
37751
37752
37753
37754
37755
37756
37757
37758
37759
37841
37842
37843
37844
37845
37846
37847
37848
37849
37931
37932
37933
37934
37935
37936
37937
37938
37939
38021
38022
38023
38024
38025
38026
38027
38028
38112
38113
38114
38115
38116
38117
38118
38203
38204
38205
38206
38207
39554
39555
39556
39642
39643
39644
39645
39646
39647
39731
39732
39733
39734
39735
39736
39737
39738
39821
39822
39823
39824
39825
39826
39827
39828
39829
39911
39912
39913
39914
39915
39916
39917
39918
39919
40001
40002
40003
40004
40005
40006
40007
40008
40009
40091
40092
40093
40094
40095
40096
40097
40098
40182
40183
40184
40185
40186
40187
40188
40273
40274
40275
40276
40277
41624
41625
41626
41712
41713
41714
41715
41716
41717
41801
41802
41803
41804
41805
41806
41807
41808
41891
41892
41893
41894
41895
41896
41897
41898
41899
41981
41982
41983
41984
41985
41986
41987
41988
41989
42071
42072
42073
42074
42075
42076
42077
42078
42079
42161
42162
42163
42164
42165
42166
42167
42168
42252
42253
42254
42255
42256
42257
42258
42343
42344
42345
42346
42347
43694
43695
43696
43782
43783
43784
43785
43786
43787
43871
43872
43873
43874
43875
43876
43877
43878
43961
43962
43963
43964
43965
43966
43967
43968
43969
44051
44052
44053
44054
44055
44056
44057
44058
44059
44141
44142
44143
44144
44145
44146
44147
44148
44149
44231
44232
44233
44234
44235
44236
44237
44238
44322
44323
44324
44325
44326
44327
44328
44413
44414
44415
44416
44417
45764
45765
45766
45852
45853
45854
45855
45856
45857
45941
45942
45943
45944
45945
45946
45947
45948
46031
46032
46033
46034
46035
46036
46037
46038
46039
46121
46122
46123
46124
46125
46126
46127
46128
46129
46211
46212
46213
46214
46215
46216
46217
46218
46219
46301
46302
46303
46304
46305
46306
46307
46308
46392
46393
46394
46395
46396
46397
46398
46483
46484
46485
46486
46487
47834
47835
47836
47922
47923
47924
47925
47926
47927
48011
48012
48013
48014
48015
48016
48017
48018
48101
48102
48103
48104
48105
48106
48107
48108
48109
48191
48192
48193
48194
48195
48196
48197
48198
48199
48281
48282
48283
48284
48285
48286
48287
48288
48289
48371
48372
48373
48374
48375
48376
48377
48378
48462
48463
48464
48465
48466
48467
48468
48553
48554
48555
48556
48557
49904
49905
49906
49992
49993
49994
49995
49996
49997
50081
50082
50083
50084
50085
50086
50087
50088
50171
50172
50173
50174
50175
50176
50177
50178
50179
50261
50262
50263
50264
50265
50266
50267
50268
50269
50351
50352
50353
50354
50355
50356
50357
50358
50359
50441
50442
50443
50444
50445
50446
50447
50448
50532
50533
50534
50535
50536
50537
50538
50623
50624
50625
50626
50627
51974
51975
51976
52062
52063
52064
52065
52066
52067
52151
52152
52153
52154
52155
52156
52157
52158
52241
52242
52243
52244
52245
52246
52247
52248
52249
52331
52332
52333
52334
52335
52336
52337
52338
52339
52421
52422
52423
52424
52425
52426
52427
52428
52429
52511
52512
52513
52514
52515
52516
52517
52518
52602
52603
52604
52605
52606
52607
52608
52693
52694
52695
52696
52697
54044
54045
54046
54132
54133
54134
54135
54136
54137
54221
54222
54223
54224
54225
54226
54227
54228
54311
54312
54313
54314
54315
54316
54317
54318
54319
54401
54402
54403
54404
54405
54406
54407
54408
54409
54491
54492
54493
54494
54495
54496
54497
54498
54499
54581
54582
54583
54584
54585
54586
54587
54588
54672
54673
54674
54675
54676
54677
54678
54763
54764
54765
54766
54767
56114
56115
56116
56202
56203
56204
56205
56206
56207
56291
56292
56293
56294
56295
56296
56297
56298
56381
56382
56383
56384
56385
56386
56387
56388
56389
56471
56472
56473
56474
56475
56476
56477
56478
56479
56561
56562
56563
56564
56565
56566
56567
56568
56569
56651
56652
56653
56654
56655
56656
56657
56658
56742
56743
56744
56745
56746
56747
56748
56833
56834
56835
56836
56837
58184
58185
58186
58272
58273
58274
58275
58276
58277
58361
58362
58363
58364
58365
58366
58367
58368
58451
58452
58453
58454
58455
58456
58457
58458
58459
58541
58542
58543
58544
58545
58546
58547
58548
58549
58631
58632
58633
58634
58635
58636
58637
58638
58639
58721
58722
58723
58724
58725
58726
58727
58728
58812
58813
58814
58815
58816
58817
58818
58903
58904
58905
58906
58907
60254
60255
60256
60342
60343
60344
60345
60346
60347
60431
60432
60433
60434
60435
60436
60437
60438
60521
60522
60523
60524
60525
60526
60527
60528
60529
60611
60612
60613
60614
60615
60616
60617
60618
60619
60701
60702
60703
60704
60705
60706
60707
60708
60709
60791
60792
60793
60794
60795
60796
60797
60798
60882
60883
60884
60885
60886
60887
60888
60973
60974
60975
60976
60977
62324
62325
62326
62412
62413
62414
62415
62416
62417
62501
62502
62503
62504
62505
62506
62507
62508
62591
62592
62593
62594
62595
62596
62597
62598
62599
62681
62682
62683
62684
62685
62686
62687
62688
62689
62771
62772
62773
62774
62775
62776
62777
62778
62779
62861
62862
62863
62864
62865
62866
62867
62868
62952
62953
62954
62955
62956
62957
62958
63043
63044
63045
63046
63047
64394
64395
64396
64482
64483
64484
64485
64486
64487
64571
64572
64573
64574
64575
64576
64577
64578
64661
64662
64663
64664
64665
64666
64667
64668
64669
64751
64752
64753
64754
64755
64756
64757
64758
64759
64841
64842
64843
64844
64845
64846
64847
64848
64849
64931
64932
64933
64934
64935
64936
64937
64938
65022
65023
65024
65025
65026
65027
65028
65113
65114
65115
65116
65117
66464
66465
66466
66552
66553
66554
66555
66556
66557
66641
66642
66643
66644
66645
66646
66647
66648
66731
66732
66733
66734
66735
66736
66737
66738
66739
66821
66822
66823
66824
66825
66826
66827
66828
66829
66911
66912
66913
66914
66915
66916
66917
66918
66919
67001
67002
67003
67004
67005
67006
67007
67008
67092
67093
67094
67095
67096
67097
67098
67183
67184
67185
67186
67187
74564
74569
74570
74571
74576
74577
74578
74583
74584
74585
74591
74592
74598
74676
74681
74682
74683
74688
74689
74690
74696
74765
74766
74767
74772
74773
74774
74828
74830
74836
74870
74872
74878
74912
74914
74920
74975
74976
74977
74982
74983
74984
75052
75059
75060
75061
75066
75067
75068
75150
75157
75159
75164
75165
75166
75171
75172
75173
75178
75179
76118
76122
76123
76124
76125
76127
76128
76129
76130
76131
76132
76133
76134
76135
76136
76137
76138
76139
76140
76141
76142
76143
76145
76146
76147
76149
76150
76152
76156
76230
76234
76235
76236
76237
76238
76239
76240
76241
76242
76243
76244
76245
76246
76247
76248
76250
76254
76319
76320
76321
76322
76323
76324
76325
76326
76327
76328
76329
76330
76331
76332
76396
76398
76400
76402
76403
76404
76405
76406
76407
76408
76409
76410
76411
76412
76413
76414
76415
76416
76418
76420
76422
76480
76482
76484
76486
76487
76488
76489
76490
76491
76492
76493
76494
76495
76496
76497
76498
76499
76500
76502
76504
76506
76564
76566
76568
76570
76571
76572
76573
76574
76575
76576
76577
76578
76579
76580
76581
76582
76583
76584
76586
76588
76590
76655
76656
76657
76658
76659
76660
76661
76662
76663
76664
76665
76666
76667
76668
76732
76736
76739
76740
76741
76742
76743
76744
76745
76746
76747
76748
76749
76750
76751
76752
76756
76830
76834
76837
76839
76840
76841
76843
76844
76845
76846
76847
76848
76849
76850
76851
76852
76853
76854
76855
76856
76857
76858
76859
76861
76862
76863
76868
78050
78054
78055
78056
78057
78059
78060
78061
78062
78063
78064
78065
78066
78067
78068
78069
78070
78071
78072
78073
78074
78075
78077
78078
78079
78081
78082
78084
78088
78162
78166
78167
78168
78169
78170
78171
78172
78173
78174
78175
78176
78177
78178
78179
78180
78182
78186
78251
78252
78253
78254
78255
78256
78257
78258
78259
78260
78261
78262
78263
78264
78328
78330
78332
78334
78335
78336
78337
78338
78339
78340
78341
78342
78343
78344
78345
78346
78347
78348
78350
78352
78354
78412
78414
78416
78418
78419
78420
78421
78422
78423
78424
78425
78426
78427
78428
78429
78430
78431
78432
78434
78436
78438
78496
78498
78500
78502
78503
78504
78505
78506
78507
78508
78509
78510
78511
78512
78513
78514
78515
78516
78518
78520
78522
78587
78588
78589
78590
78591
78592
78593
78594
78595
78596
78597
78598
78599
78600
78664
78668
78671
78672
78673
78674
78675
78676
78677
78678
78679
78680
78681
78682
78683
78684
78688
78762
78766
78769
78771
78772
78773
78775
78776
78777
78778
78779
78780
78781
78782
78783
78784
78785
78786
78787
78788
78789
78790
78791
78793
78794
78795
78800
79982
79986
79987
79988
79989
79991
79992
79993
79994
79995
79996
79997
79998
79999
80000
80001
80002
80003
80004
80005
80006
80007
80009
80010
80011
80013
80014
80016
80020
80094
80098
80099
80100
80101
80102
80103
80104
80105
80106
80107
80108
80109
80110
80111
80112
80114
80118
80183
80184
80185
80186
80187
80188
80189
80190
80191
80192
80193
80194
80195
80196
80260
80262
80264
80266
80267
80268
80269
80270
80271
80272
80273
80274
80275
80276
80277
80278
80279
80280
80282
80284
80286
80344
80346
80348
80350
80351
80352
80353
80354
80355
80356
80357
80358
80359
80360
80361
80362
80363
80364
80366
80368
80370
80428
80430
80432
80434
80435
80436
80437
80438
80439
80440
80441
80442
80443
80444
80445
80446
80447
80448
80450
80452
80454
80519
80520
80521
80522
80523
80524
80525
80526
80527
80528
80529
80530
80531
80532
80596
80600
80603
80604
80605
80606
80607
80608
80609
80610
80611
80612
80613
80614
80615
80616
80620
80694
80698
80701
80703
80704
80705
80707
80708
80709
80710
80711
80712
80713
80714
80715
80716
80717
80718
80719
80720
80721
80722
80723
80725
80726
80727
80732
81914
81918
81919
81920
81921
81923
81924
81925
81926
81927
81928
81929
81930
81931
81932
81933
81934
81935
81936
81937
81938
81939
81941
81942
81943
81945
81946
81948
81952
82026
82030
82031
82032
82033
82034
82035
82036
82037
82038
82039
82040
82041
82042
82043
82044
82046
82050
82115
82116
82117
82118
82119
82120
82121
82122
82123
82124
82125
82126
82127
82128
82192
82194
82196
82198
82199
82200
82201
82202
82203
82204
82205
82206
82207
82208
82209
82210
82211
82212
82214
82216
82218
82276
82278
82280
82282
82283
82284
82285
82286
82287
82288
82289
82290
82291
82292
82293
82294
82295
82296
82298
82300
82302
82360
82362
82364
82366
82367
82368
82369
82370
82371
82372
82373
82374
82375
82376
82377
82378
82379
82380
82382
82384
82386
82451
82452
82453
82454
82455
82456
82457
82458
82459
82460
82461
82462
82463
82464
82528
82532
82535
82536
82537
82538
82539
82540
82541
82542
82543
82544
82545
82546
82547
82548
82552
82626
82630
82633
82635
82636
82637
82639
82640
82641
82642
82643
82644
82645
82646
82647
82648
82649
82650
82651
82652
82653
82654
82655
82657
82658
82659
82664
83846
83850
83851
83852
83853
83855
83856
83857
83858
83859
83860
83861
83862
83863
83864
83865
83866
83867
83868
83869
83870
83871
83873
83874
83875
83877
83878
83880
83884
83958
83962
83963
83964
83965
83966
83967
83968
83969
83970
83971
83972
83973
83974
83975
83976
83978
83982
84047
84048
84049
84050
84051
84052
84053
84054
84055
84056
84057
84058
84059
84060
84124
84126
84128
84130
84131
84132
84133
84134
84135
84136
84137
84138
84139
84140
84141
84142
84143
84144
84146
84148
84150
84208
84210
84212
84214
84215
84216
84217
84218
84219
84220
84221
84222
84223
84224
84225
84226
84227
84228
84230
84232
84234
84292
84294
84296
84298
84299
84300
84301
84302
84303
84304
84305
84306
84307
84308
84309
84310
84311
84312
84314
84316
84318
84383
84384
84385
84386
84387
84388
84389
84390
84391
84392
84393
84394
84395
84396
84460
84464
84467
84468
84469
84470
84471
84472
84473
84474
84475
84476
84477
84478
84479
84480
84484
84558
84562
84565
84567
84568
84569
84571
84572
84573
84574
84575
84576
84577
84578
84579
84580
84581
84582
84583
84584
84585
84586
84587
84589
84590
84591
84596
85778
85782
85783
85784
85785
85787
85788
85789
85790
85791
85792
85793
85794
85795
85796
85797
85798
85799
85800
85801
85802
85803
85805
85806
85807
85809
85810
85812
85816
85890
85894
85895
85896
85897
85898
85899
85900
85901
85902
85903
85904
85905
85906
85907
85908
85910
85914
85979
85980
85981
85982
85983
85984
85985
85986
85987
85988
85989
85990
85991
85992
86056
86058
86060
86062
86063
86064
86065
86066
86067
86068
86069
86070
86071
86072
86073
86074
86075
86076
86078
86080
86082
86140
86142
86144
86146
86147
86148
86149
86150
86151
86152
86153
86154
86155
86156
86157
86158
86159
86160
86162
86164
86166
86224
86226
86228
86230
86231
86232
86233
86234
86235
86236
86237
86238
86239
86240
86241
86242
86243
86244
86246
86248
86250
86315
86316
86317
86318
86319
86320
86321
86322
86323
86324
86325
86326
86327
86328
86392
86396
86399
86400
86401
86402
86403
86404
86405
86406
86407
86408
86409
86410
86411
86412
86416
86490
86494
86497
86499
86500
86501
86503
86504
86505
86506
86507
86508
86509
86510
86511
86512
86513
86514
86515
86516
86517
86518
86519
86521
86522
86523
86528
87710
87714
87715
87716
87717
87719
87720
87721
87722
87723
87724
87725
87726
87727
87728
87729
87730
87731
87732
87733
87734
87735
87737
87738
87739
87741
87742
87744
87748
87822
87826
87827
87828
87829
87830
87831
87832
87833
87834
87835
87836
87837
87838
87839
87840
87842
87846
87911
87912
87913
87914
87915
87916
87917
87918
87919
87920
87921
87922
87923
87924
87988
87990
87992
87994
87995
87996
87997
87998
87999
88000
88001
88002
88003
88004
88005
88006
88007
88008
88010
88012
88014
88072
88074
88076
88078
88079
88080
88081
88082
88083
88084
88085
88086
88087
88088
88089
88090
88091
88092
88094
88096
88098
88156
88158
88160
88162
88163
88164
88165
88166
88167
88168
88169
88170
88171
88172
88173
88174
88175
88176
88178
88180
88182
88247
88248
88249
88250
88251
88252
88253
88254
88255
88256
88257
88258
88259
88260
88324
88328
88331
88332
88333
88334
88335
88336
88337
88338
88339
88340
88341
88342
88343
88344
88348
88422
88426
88429
88431
88432
88433
88435
88436
88437
88438
88439
88440
88441
88442
88443
88444
88445
88446
88447
88448
88449
88450
88451
88453
88454
88455
88460
89642
89646
89647
89648
89649
89651
89652
89653
89654
89655
89656
89657
89658
89659
89660
89661
89662
89663
89664
89665
89666
89667
89669
89670
89671
89673
89674
89676
89680
89754
89758
89759
89760
89761
89762
89763
89764
89765
89766
89767
89768
89769
89770
89771
89772
89774
89778
89843
89844
89845
89846
89847
89848
89849
89850
89851
89852
89853
89854
89855
89856
89920
89922
89924
89926
89927
89928
89929
89930
89931
89932
89933
89934
89935
89936
89937
89938
89939
89940
89942
89944
89946
90004
90006
90008
90010
90011
90012
90013
90014
90015
90016
90017
90018
90019
90020
90021
90022
90023
90024
90026
90028
90030
90088
90090
90092
90094
90095
90096
90097
90098
90099
90100
90101
90102
90103
90104
90105
90106
90107
90108
90110
90112
90114
90179
90180
90181
90182
90183
90184
90185
90186
90187
90188
90189
90190
90191
90192
90256
90260
90263
90264
90265
90266
90267
90268
90269
90270
90271
90272
90273
90274
90275
90276
90280
90354
90358
90361
90363
90364
90365
90367
90368
90369
90370
90371
90372
90373
90374
90375
90376
90377
90378
90379
90380
90381
90382
90383
90385
90386
90387
90392
91574
91578
91579
91580
91581
91583
91584
91585
91586
91587
91588
91589
91590
91591
91592
91593
91594
91595
91596
91597
91598
91599
91601
91602
91603
91605
91606
91608
91612
91686
91690
91691
91692
91693
91694
91695
91696
91697
91698
91699
91700
91701
91702
91703
91704
91706
91710
91775
91776
91777
91778
91779
91780
91781
91782
91783
91784
91785
91786
91787
91788
91852
91854
91856
91858
91859
91860
91861
91862
91863
91864
91865
91866
91867
91868
91869
91870
91871
91872
91874
91876
91878
91936
91938
91940
91942
91943
91944
91945
91946
91947
91948
91949
91950
91951
91952
91953
91954
91955
91956
91958
91960
91962
92020
92022
92024
92026
92027
92028
92029
92030
92031
92032
92033
92034
92035
92036
92037
92038
92039
92040
92042
92044
92046
92111
92112
92113
92114
92115
92116
92117
92118
92119
92120
92121
92122
92123
92124
92188
92192
92195
92196
92197
92198
92199
92200
92201
92202
92203
92204
92205
92206
92207
92208
92212
92286
92290
92293
92295
92296
92297
92299
92300
92301
92302
92303
92304
92305
92306
92307
92308
92309
92310
92311
92312
92313
92314
92315
92317
92318
92319
92324
93506
93510
93511
93512
93513
93515
93516
93517
93518
93519
93520
93521
93522
93523
93524
93525
93526
93527
93528
93529
93530
93531
93533
93534
93535
93537
93538
93540
93544
93618
93622
93623
93624
93625
93626
93627
93628
93629
93630
93631
93632
93633
93634
93635
93636
93638
93642
93707
93708
93709
93710
93711
93712
93713
93714
93715
93716
93717
93718
93719
93720
93784
93786
93788
93790
93791
93792
93793
93794
93795
93796
93797
93798
93799
93800
93801
93802
93803
93804
93806
93808
93810
93868
93870
93872
93874
93875
93876
93877
93878
93879
93880
93881
93882
93883
93884
93885
93886
93887
93888
93890
93892
93894
93952
93954
93956
93958
93959
93960
93961
93962
93963
93964
93965
93966
93967
93968
93969
93970
93971
93972
93974
93976
93978
94043
94044
94045
94046
94047
94048
94049
94050
94051
94052
94053
94054
94055
94056
94120
94124
94127
94128
94129
94130
94131
94132
94133
94134
94135
94136
94137
94138
94139
94140
94144
94218
94222
94225
94227
94228
94229
94231
94232
94233
94234
94235
94236
94237
94238
94239
94240
94241
94242
94243
94244
94245
94246
94247
94249
94250
94251
94256
95438
95442
95443
95444
95445
95447
95448
95449
95450
95451
95452
95453
95454
95455
95456
95457
95458
95459
95460
95461
95462
95463
95465
95466
95467
95469
95470
95472
95476
95550
95554
95555
95556
95557
95558
95559
95560
95561
95562
95563
95564
95565
95566
95567
95568
95570
95574
95639
95640
95641
95642
95643
95644
95645
95646
95647
95648
95649
95650
95651
95652
95716
95718
95720
95722
95723
95724
95725
95726
95727
95728
95729
95730
95731
95732
95733
95734
95735
95736
95738
95740
95742
95800
95802
95804
95806
95807
95808
95809
95810
95811
95812
95813
95814
95815
95816
95817
95818
95819
95820
95822
95824
95826
95884
95886
95888
95890
95891
95892
95893
95894
95895
95896
95897
95898
95899
95900
95901
95902
95903
95904
95906
95908
95910
95975
95976
95977
95978
95979
95980
95981
95982
95983
95984
95985
95986
95987
95988
96052
96056
96059
96060
96061
96062
96063
96064
96065
96066
96067
96068
96069
96070
96071
96072
96076
96150
96154
96157
96159
96160
96161
96163
96164
96165
96166
96167
96168
96169
96170
96171
96172
96173
96174
96175
96176
96177
96178
96179
96181
96182
96183
96188
97370
97374
97375
97376
97377
97379
97380
97381
97382
97383
97384
97385
97386
97387
97388
97389
97390
97391
97392
97393
97394
97395
97397
97398
97399
97401
97402
97404
97408
97482
97486
97487
97488
97489
97490
97491
97492
97493
97494
97495
97496
97497
97498
97499
97500
97502
97506
97571
97572
97573
97574
97575
97576
97577
97578
97579
97580
97581
97582
97583
97584
97648
97650
97652
97654
97655
97656
97657
97658
97659
97660
97661
97662
97663
97664
97665
97666
97667
97668
97670
97672
97674
97732
97734
97736
97738
97739
97740
97741
97742
97743
97744
97745
97746
97747
97748
97749
97750
97751
97752
97754
97756
97758
97816
97818
97820
97822
97823
97824
97825
97826
97827
97828
97829
97830
97831
97832
97833
97834
97835
97836
97838
97840
97842
97907
97908
97909
97910
97911
97912
97913
97914
97915
97916
97917
97918
97919
97920
97984
97988
97991
97992
97993
97994
97995
97996
97997
97998
97999
98000
98001
98002
98003
98004
98008
98082
98086
98089
98091
98092
98093
98095
98096
98097
98098
98099
98100
98101
98102
98103
98104
98105
98106
98107
98108
98109
98110
98111
98113
98114
98115
98120
99302
99306
99307
99308
99309
99311
99312
99313
99314
99315
99316
99317
99318
99319
99320
99321
99322
99323
99324
99325
99326
99327
99329
99330
99331
99333
99334
99336
99340
99414
99418
99419
99420
99421
99422
99423
99424
99425
99426
99427
99428
99429
99430
99431
99432
99434
99438
99503
99504
99505
99506
99507
99508
99509
99510
99511
99512
99513
99514
99515
99516
99580
99582
99584
99586
99587
99588
99589
99590
99591
99592
99593
99594
99595
99596
99597
99598
99599
99600
99602
99604
99606
99664
99666
99668
99670
99671
99672
99673
99674
99675
99676
99677
99678
99679
99680
99681
99682
99683
99684
99686
99688
99690
99748
99750
99752
99754
99755
99756
99757
99758
99759
99760
99761
99762
99763
99764
99765
99766
99767
99768
99770
99772
99774
99839
99840
99841
99842
99843
99844
99845
99846
99847
99848
99849
99850
99851
99852
99916
99920
99923
99924
99925
99926
99927
99928
99929
99930
99931
99932
99933
99934
99935
99936
99940
100014
100018
100021
100023
100024
100025
100027
100028
100029
100030
100031
100032
100033
100034
100035
100036
100037
100038
100039
100040
100041
100042
100043
100045
100046
100047
100052
101234
101238
101239
101240
101241
101243
101244
101245
101246
101247
101248
101249
101250
101251
101252
101253
101254
101255
101256
101257
101258
101259
101261
101262
101263
101265
101266
101268
101272
101346
101350
101351
101352
101353
101354
101355
101356
101357
101358
101359
101360
101361
101362
101363
101364
101366
101370
101435
101436
101437
101438
101439
101440
101441
101442
101443
101444
101445
101446
101447
101448
101512
101514
101516
101518
101519
101520
101521
101522
101523
101524
101525
101526
101527
101528
101529
101530
101531
101532
101534
101536
101538
101596
101598
101600
101602
101603
101604
101605
101606
101607
101608
101609
101610
101611
101612
101613
101614
101615
101616
101618
101620
101622
101680
101682
101684
101686
101687
101688
101689
101690
101691
101692
101693
101694
101695
101696
101697
101698
101699
101700
101702
101704
101706
101771
101772
101773
101774
101775
101776
101777
101778
101779
101780
101781
101782
101783
101784
101848
101852
101855
101856
101857
101858
101859
101860
101861
101862
101863
101864
101865
101866
101867
101868
101872
101946
101950
101953
101955
101956
101957
101959
101960
101961
101962
101963
101964
101965
101966
101967
101968
101969
101970
101971
101972
101973
101974
101975
101977
101978
101979
101984
103166
103170
103171
103172
103173
103175
103176
103177
103178
103179
103180
103181
103182
103183
103184
103185
103186
103187
103188
103189
103190
103191
103193
103194
103195
103197
103198
103200
103204
103278
103282
103283
103284
103285
103286
103287
103288
103289
103290
103291
103292
103293
103294
103295
103296
103298
103302
103367
103368
103369
103370
103371
103372
103373
103374
103375
103376
103377
103378
103379
103380
103444
103446
103448
103450
103451
103452
103453
103454
103455
103456
103457
103458
103459
103460
103461
103462
103463
103464
103466
103468
103470
103528
103530
103532
103534
103535
103536
103537
103538
103539
103540
103541
103542
103543
103544
103545
103546
103547
103548
103550
103552
103554
103612
103614
103616
103618
103619
103620
103621
103622
103623
103624
103625
103626
103627
103628
103629
103630
103631
103632
103634
103636
103638
103703
103704
103705
103706
103707
103708
103709
103710
103711
103712
103713
103714
103715
103716
103780
103784
103787
103788
103789
103790
103791
103792
103793
103794
103795
103796
103797
103798
103799
103800
103804
103878
103882
103885
103887
103888
103889
103891
103892
103893
103894
103895
103896
103897
103898
103899
103900
103901
103902
103903
103904
103905
103906
103907
103909
103910
103911
103916
105098
105102
105103
105104
105105
105107
105108
105109
105110
105111
105112
105113
105114
105115
105116
105117
105118
105119
105120
105121
105122
105123
105125
105126
105127
105129
105130
105132
105136
105210
105214
105215
105216
105217
105218
105219
105220
105221
105222
105223
105224
105225
105226
105227
105228
105230
105234
105299
105300
105301
105302
105303
105304
105305
105306
105307
105308
105309
105310
105311
105312
105376
105378
105380
105382
105383
105384
105385
105386
105387
105388
105389
105390
105391
105392
105393
105394
105395
105396
105398
105400
105402
105460
105462
105464
105466
105467
105468
105469
105470
105471
105472
105473
105474
105475
105476
105477
105478
105479
105480
105482
105484
105486
105544
105546
105548
105550
105551
105552
105553
105554
105555
105556
105557
105558
105559
105560
105561
105562
105563
105564
105566
105568
105570
105635
105636
105637
105638
105639
105640
105641
105642
105643
105644
105645
105646
105647
105648
105712
105716
105719
105720
105721
105722
105723
105724
105725
105726
105727
105728
105729
105730
105731
105732
105736
105810
105814
105817
105819
105820
105821
105823
105824
105825
105826
105827
105828
105829
105830
105831
105832
105833
105834
105835
105836
105837
105838
105839
105841
105842
105843
105848
107030
107034
107035
107036
107037
107039
107040
107041
107042
107043
107044
107045
107046
107047
107048
107049
107050
107051
107052
107053
107054
107055
107057
107058
107059
107061
107062
107064
107068
107142
107146
107147
107148
107149
107150
107151
107152
107153
107154
107155
107156
107157
107158
107159
107160
107162
107166
107231
107232
107233
107234
107235
107236
107237
107238
107239
107240
107241
107242
107243
107244
107308
107310
107312
107314
107315
107316
107317
107318
107319
107320
107321
107322
107323
107324
107325
107326
107327
107328
107330
107332
107334
107392
107394
107396
107398
107399
107400
107401
107402
107403
107404
107405
107406
107407
107408
107409
107410
107411
107412
107414
107416
107418
107476
107478
107480
107482
107483
107484
107485
107486
107487
107488
107489
107490
107491
107492
107493
107494
107495
107496
107498
107500
107502
107567
107568
107569
107570
107571
107572
107573
107574
107575
107576
107577
107578
107579
107580
107644
107648
107651
107652
107653
107654
107655
107656
107657
107658
107659
107660
107661
107662
107663
107664
107668
107742
107746
107749
107751
107752
107753
107755
107756
107757
107758
107759
107760
107761
107762
107763
107764
107765
107766
107767
107768
107769
107770
107771
107773
107774
107775
107780
108962
108966
108967
108968
108969
108971
108972
108973
108974
108975
108976
108977
108978
108979
108980
108981
108982
108983
108984
108985
108986
108987
108989
108990
108991
108993
108994
108996
109000
109074
109078
109079
109080
109081
109082
109083
109084
109085
109086
109087
109088
109089
109090
109091
109092
109094
109098
109163
109164
109165
109166
109167
109168
109169
109170
109171
109172
109173
109174
109175
109176
109240
109242
109244
109246
109247
109248
109249
109250
109251
109252
109253
109254
109255
109256
109257
109258
109259
109260
109262
109264
109266
109324
109326
109328
109330
109331
109332
109333
109334
109335
109336
109337
109338
109339
109340
109341
109342
109343
109344
109346
109348
109350
109408
109410
109412
109414
109415
109416
109417
109418
109419
109420
109421
109422
109423
109424
109425
109426
109427
109428
109430
109432
109434
109499
109500
109501
109502
109503
109504
109505
109506
109507
109508
109509
109510
109511
109512
109576
109580
109583
109584
109585
109586
109587
109588
109589
109590
109591
109592
109593
109594
109595
109596
109600
109674
109678
109681
109683
109684
109685
109687
109688
109689
109690
109691
109692
109693
109694
109695
109696
109697
109698
109699
109700
109701
109702
109703
109705
109706
109707
109712
110894
110898
110899
110900
110901
110903
110904
110905
110906
110907
110908
110909
110910
110911
110912
110913
110914
110915
110916
110917
110918
110919
110921
110922
110923
110925
110926
110928
110932
111006
111010
111011
111012
111013
111014
111015
111016
111017
111018
111019
111020
111021
111022
111023
111024
111026
111030
111095
111096
111097
111098
111099
111100
111101
111102
111103
111104
111105
111106
111107
111108
111172
111174
111176
111178
111179
111180
111181
111182
111183
111184
111185
111186
111187
111188
111189
111190
111191
111192
111194
111196
111198
111256
111258
111260
111262
111263
111264
111265
111266
111267
111268
111269
111270
111271
111272
111273
111274
111275
111276
111278
111280
111282
111340
111342
111344
111346
111347
111348
111349
111350
111351
111352
111353
111354
111355
111356
111357
111358
111359
111360
111362
111364
111366
111431
111432
111433
111434
111435
111436
111437
111438
111439
111440
111441
111442
111443
111444
111508
111512
111515
111516
111517
111518
111519
111520
111521
111522
111523
111524
111525
111526
111527
111528
111532
111606
111610
111613
111615
111616
111617
111619
111620
111621
111622
111623
111624
111625
111626
111627
111628
111629
111630
111631
111632
111633
111634
111635
111637
111638
111639
111644
112826
112830
112831
112832
112833
112835
112836
112837
112838
112839
112840
112841
112842
112843
112844
112845
112846
112847
112848
112849
112850
112851
112853
112854
112855
112857
112858
112860
112864
112938
112942
112943
112944
112945
112946
112947
112948
112949
112950
112951
112952
112953
112954
112955
112956
112958
112962
113027
113028
113029
113030
113031
113032
113033
113034
113035
113036
113037
113038
113039
113040
113104
113106
113108
113110
113111
113112
113113
113114
113115
113116
113117
113118
113119
113120
113121
113122
113123
113124
113126
113128
113130
113188
113190
113192
113194
113195
113196
113197
113198
113199
113200
113201
113202
113203
113204
113205
113206
113207
113208
113210
113212
113214
113272
113274
113276
113278
113279
113280
113281
113282
113283
113284
113285
113286
113287
113288
113289
113290
113291
113292
113294
113296
113298
113363
113364
113365
113366
113367
113368
113369
113370
113371
113372
113373
113374
113375
113376
113440
113444
113447
113448
113449
113450
113451
113452
113453
113454
113455
113456
113457
113458
113459
113460
113464
113538
113542
113545
113547
113548
113549
113551
113552
113553
113554
113555
113556
113557
113558
113559
113560
113561
113562
113563
113564
113565
113566
113567
113569
113570
113571
113576
114758
114762
114763
114764
114765
114767
114768
114769
114770
114771
114772
114773
114774
114775
114776
114777
114778
114779
114780
114781
114782
114783
114785
114786
114787
114789
114790
114792
114796
114870
114874
114875
114876
114877
114878
114879
114880
114881
114882
114883
114884
114885
114886
114887
114888
114890
114894
114959
114960
114961
114962
114963
114964
114965
114966
114967
114968
114969
114970
114971
114972
115036
115038
115040
115042
115043
115044
115045
115046
115047
115048
115049
115050
115051
115052
115053
115054
115055
115056
115058
115060
115062
115120
115122
115124
115126
115127
115128
115129
115130
115131
115132
115133
115134
115135
115136
115137
115138
115139
115140
115142
115144
115146
115204
115206
115208
115210
115211
115212
115213
115214
115215
115216
115217
115218
115219
115220
115221
115222
115223
115224
115226
115228
115230
115295
115296
115297
115298
115299
115300
115301
115302
115303
115304
115305
115306
115307
115308
115372
115376
115379
115380
115381
115382
115383
115384
115385
115386
115387
115388
115389
115390
115391
115392
115396
115470
115474
115477
115479
115480
115481
115483
115484
115485
115486
115487
115488
115489
115490
115491
115492
115493
115494
115495
115496
115497
115498
115499
115501
115502
115503
115508
116690
116694
116695
116696
116697
116699
116700
116701
116702
116703
116704
116705
116706
116707
116708
116709
116710
116711
116712
116713
116714
116715
116717
116718
116719
116721
116722
116724
116728
116802
116806
116807
116808
116809
116810
116811
116812
116813
116814
116815
116816
116817
116818
116819
116820
116822
116826
116891
116892
116893
116894
116895
116896
116897
116898
116899
116900
116901
116902
116903
116904
116968
116970
116972
116974
116975
116976
116977
116978
116979
116980
116981
116982
116983
116984
116985
116986
116987
116988
116990
116992
116994
117052
117054
117056
117058
117059
117060
117061
117062
117063
117064
117065
117066
117067
117068
117069
117070
117071
117072
117074
117076
117078
117136
117138
117140
117142
117143
117144
117145
117146
117147
117148
117149
117150
117151
117152
117153
117154
117155
117156
117158
117160
117162
117227
117228
117229
117230
117231
117232
117233
117234
117235
117236
117237
117238
117239
117240
117304
117308
117311
117312
117313
117314
117315
117316
117317
117318
117319
117320
117321
117322
117323
117324
117328
117402
117406
117409
117411
117412
117413
117415
117416
117417
117418
117419
117420
117421
117422
117423
117424
117425
117426
117427
117428
117429
117430
117431
117433
117434
117435
117440
118622
118626
118627
118628
118629
118631
118632
118633
118634
118635
118636
118637
118638
118639
118640
118641
118642
118643
118644
118645
118646
118647
118649
118650
118651
118653
118654
118656
118660
118734
118738
118739
118740
118741
118742
118743
118744
118745
118746
118747
118748
118749
118750
118751
118752
118754
118758
118823
118824
118825
118826
118827
118828
118829
118830
118831
118832
118833
118834
118835
118836
118900
118902
118904
118906
118907
118908
118909
118910
118911
118912
118913
118914
118915
118916
118917
118918
118919
118920
118922
118924
118926
118984
118986
118988
118990
118991
118992
118993
118994
118995
118996
118997
118998
118999
119000
119001
119002
119003
119004
119006
119008
119010
119068
119070
119072
119074
119075
119076
119077
119078
119079
119080
119081
119082
119083
119084
119085
119086
119087
119088
119090
119092
119094
119159
119160
119161
119162
119163
119164
119165
119166
119167
119168
119169
119170
119171
119172
119236
119240
119243
119244
119245
119246
119247
119248
119249
119250
119251
119252
119253
119254
119255
119256
119260
119334
119338
119341
119343
119344
119345
119347
119348
119349
119350
119351
119352
119353
119354
119355
119356
119357
119358
119359
119360
119361
119362
119363
119365
119366
119367
119372
120554
120558
120559
120560
120561
120563
120564
120565
120566
120567
120568
120569
120570
120571
120572
120573
120574
120575
120576
120577
120578
120579
120581
120582
120583
120585
120586
120588
120592
120666
120670
120671
120672
120673
120674
120675
120676
120677
120678
120679
120680
120681
120682
120683
120684
120686
120690
120755
120756
120757
120758
120759
120760
120761
120762
120763
120764
120765
120766
120767
120768
120832
120834
120836
120838
120839
120840
120841
120842
120843
120844
120845
120846
120847
120848
120849
120850
120851
120852
120854
120856
120858
120916
120918
120920
120922
120923
120924
120925
120926
120927
120928
120929
120930
120931
120932
120933
120934
120935
120936
120938
120940
120942
121000
121002
121004
121006
121007
121008
121009
121010
121011
121012
121013
121014
121015
121016
121017
121018
121019
121020
121022
121024
121026
121091
121092
121093
121094
121095
121096
121097
121098
121099
121100
121101
121102
121103
121104
121168
121172
121175
121176
121177
121178
121179
121180
121181
121182
121183
121184
121185
121186
121187
121188
121192
121266
121270
121273
121275
121276
121277
121279
121280
121281
121282
121283
121284
121285
121286
121287
121288
121289
121290
121291
121292
121293
121294
121295
121297
121298
121299
121304
122486
122490
122491
122492
122493
122495
122496
122497
122498
122499
122500
122501
122502
122503
122504
122505
122506
122507
122508
122509
122510
122511
122513
122514
122515
122517
122518
122520
122524
122598
122602
122603
122604
122605
122606
122607
122608
122609
122610
122611
122612
122613
122614
122615
122616
122618
122622
122687
122688
122689
122690
122691
122692
122693
122694
122695
122696
122697
122698
122699
122700
122764
122766
122768
122770
122771
122772
122773
122774
122775
122776
122777
122778
122779
122780
122781
122782
122783
122784
122786
122788
122790
122848
122850
122852
122854
122855
122856
122857
122858
122859
122860
122861
122862
122863
122864
122865
122866
122867
122868
122870
122872
122874
122932
122934
122936
122938
122939
122940
122941
122942
122943
122944
122945
122946
122947
122948
122949
122950
122951
122952
122954
122956
122958
123023
123024
123025
123026
123027
123028
123029
123030
123031
123032
123033
123034
123035
123036
123100
123104
123107
123108
123109
123110
123111
123112
123113
123114
123115
123116
123117
123118
123119
123120
123124
123198
123202
123205
123207
123208
123209
123211
123212
123213
123214
123215
123216
123217
123218
123219
123220
123221
123222
123223
123224
123225
123226
123227
123229
123230
123231
123236
124418
124422
124423
124424
124425
124427
124428
124429
124430
124431
124432
124433
124434
124435
124436
124437
124438
124439
124440
124441
124442
124443
124445
124446
124447
124449
124450
124452
124456
124530
124534
124535
124536
124537
124538
124539
124540
124541
124542
124543
124544
124545
124546
124547
124548
124550
124554
124619
124620
124621
124622
124623
124624
124625
124626
124627
124628
124629
124630
124631
124632
124696
124698
124700
124702
124703
124704
124705
124706
124707
124708
124709
124710
124711
124712
124713
124714
124715
124716
124718
124720
124722
124780
124782
124784
124786
124787
124788
124789
124790
124791
124792
124793
124794
124795
124796
124797
124798
124799
124800
124802
124804
124806
124864
124866
124868
124870
124871
124872
124873
124874
124875
124876
124877
124878
124879
124880
124881
124882
124883
124884
124886
124888
124890
124955
124956
124957
124958
124959
124960
124961
124962
124963
124964
124965
124966
124967
124968
125032
125036
125039
125040
125041
125042
125043
125044
125045
125046
125047
125048
125049
125050
125051
125052
125056
125130
125134
125137
125139
125140
125141
125143
125144
125145
125146
125147
125148
125149
125150
125151
125152
125153
125154
125155
125156
125157
125158
125159
125161
125162
125163
125168
126350
126354
126355
126356
126357
126359
126360
126361
126362
126363
126364
126365
126366
126367
126368
126369
126370
126371
126372
126373
126374
126375
126377
126378
126379
126381
126382
126384
126388
126462
126466
126467
126468
126469
126470
126471
126472
126473
126474
126475
126476
126477
126478
126479
126480
126482
126486
126551
126552
126553
126554
126555
126556
126557
126558
126559
126560
126561
126562
126563
126564
126628
126630
126632
126634
126635
126636
126637
126638
126639
126640
126641
126642
126643
126644
126645
126646
126647
126648
126650
126652
126654
126712
126714
126716
126718
126719
126720
126721
126722
126723
126724
126725
126726
126727
126728
126729
126730
126731
126732
126734
126736
126738
126796
126798
126800
126802
126803
126804
126805
126806
126807
126808
126809
126810
126811
126812
126813
126814
126815
126816
126818
126820
126822
126887
126888
126889
126890
126891
126892
126893
126894
126895
126896
126897
126898
126899
126900
126964
126968
126971
126972
126973
126974
126975
126976
126977
126978
126979
126980
126981
126982
126983
126984
126988
127062
127066
127069
127071
127072
127073
127075
127076
127077
127078
127079
127080
127081
127082
127083
127084
127085
127086
127087
127088
127089
127090
127091
127093
127094
127095
127100
128282
128286
128287
128288
128289
128291
128292
128293
128294
128295
128296
128297
128298
128299
128300
128301
128302
128303
128304
128305
128306
128307
128309
128310
128311
128313
128314
128316
128320
128394
128398
128399
128400
128401
128402
128403
128404
128405
128406
128407
128408
128409
128410
128411
128412
128414
128418
128483
128484
128485
128486
128487
128488
128489
128490
128491
128492
128493
128494
128495
128496
128560
128562
128564
128566
128567
128568
128569
128570
128571
128572
128573
128574
128575
128576
128577
128578
128579
128580
128582
128584
128586
128644
128646
128648
128650
128651
128652
128653
128654
128655
128656
128657
128658
128659
128660
128661
128662
128663
128664
128666
128668
128670
128728
128730
128732
128734
128735
128736
128737
128738
128739
128740
128741
128742
128743
128744
128745
128746
128747
128748
128750
128752
128754
128819
128820
128821
128822
128823
128824
128825
128826
128827
128828
128829
128830
128831
128832
128896
128900
128903
128904
128905
128906
128907
128908
128909
128910
128911
128912
128913
128914
128915
128916
128920
128994
128998
129001
129003
129004
129005
129007
129008
129009
129010
129011
129012
129013
129014
129015
129016
129017
129018
129019
129020
129021
129022
129023
129025
129026
129027
129032
130214
130218
130219
130220
130221
130223
130224
130225
130226
130227
130228
130229
130230
130231
130232
130233
130234
130235
130236
130237
130238
130239
130241
130242
130243
130245
130246
130248
130252
130326
130330
130331
130332
130333
130334
130335
130336
130337
130338
130339
130340
130341
130342
130343
130344
130346
130350
130415
130416
130417
130418
130419
130420
130421
130422
130423
130424
130425
130426
130427
130428
130492
130494
130496
130498
130499
130500
130501
130502
130503
130504
130505
130506
130507
130508
130509
130510
130511
130512
130514
130516
130518
130576
130578
130580
130582
130583
130584
130585
130586
130587
130588
130589
130590
130591
130592
130593
130594
130595
130596
130598
130600
130602
130660
130662
130664
130666
130667
130668
130669
130670
130671
130672
130673
130674
130675
130676
130677
130678
130679
130680
130682
130684
130686
130751
130752
130753
130754
130755
130756
130757
130758
130759
130760
130761
130762
130763
130764
130828
130832
130835
130836
130837
130838
130839
130840
130841
130842
130843
130844
130845
130846
130847
130848
130852
130926
130930
130933
130935
130936
130937
130939
130940
130941
130942
130943
130944
130945
130946
130947
130948
130949
130950
130951
130952
130953
130954
130955
130957
130958
130959
130964
132146
132150
132151
132152
132153
132155
132156
132157
132158
132159
132160
132161
132162
132163
132164
132165
132166
132167
132168
132169
132170
132171
132173
132174
132175
132177
132178
132180
132184
132258
132262
132263
132264
132265
132266
132267
132268
132269
132270
132271
132272
132273
132274
132275
132276
132278
132282
132347
132348
132349
132350
132351
132352
132353
132354
132355
132356
132357
132358
132359
132360
132424
132426
132428
132430
132431
132432
132433
132434
132435
132436
132437
132438
132439
132440
132441
132442
132443
132444
132446
132448
132450
132508
132510
132512
132514
132515
132516
132517
132518
132519
132520
132521
132522
132523
132524
132525
132526
132527
132528
132530
132532
132534
132592
132594
132596
132598
132599
132600
132601
132602
132603
132604
132605
132606
132607
132608
132609
132610
132611
132612
132614
132616
132618
132683
132684
132685
132686
132687
132688
132689
132690
132691
132692
132693
132694
132695
132696
132760
132764
132767
132768
132769
132770
132771
132772
132773
132774
132775
132776
132777
132778
132779
132780
132784
132858
132862
132865
132867
132868
132869
132871
132872
132873
132874
132875
132876
132877
132878
132879
132880
132881
132882
132883
132884
132885
132886
132887
132889
132890
132891
132896
134078
134082
134083
134084
134085
134087
134088
134089
134090
134091
134092
134093
134094
134095
134096
134097
134098
134099
134100
134101
134102
134103
134105
134106
134107
134109
134110
134112
134116
134190
134194
134195
134196
134197
134198
134199
134200
134201
134202
134203
134204
134205
134206
134207
134208
134210
134214
134279
134280
134281
134282
134283
134284
134285
134286
134287
134288
134289
134290
134291
134292
134356
134358
134360
134362
134363
134364
134365
134366
134367
134368
134369
134370
134371
134372
134373
134374
134375
134376
134378
134380
134382
134440
134442
134444
134446
134447
134448
134449
134450
134451
134452
134453
134454
134455
134456
134457
134458
134459
134460
134462
134464
134466
134524
134526
134528
134530
134531
134532
134533
134534
134535
134536
134537
134538
134539
134540
134541
134542
134543
134544
134546
134548
134550
134615
134616
134617
134618
134619
134620
134621
134622
134623
134624
134625
134626
134627
134628
134692
134696
134699
134700
134701
134702
134703
134704
134705
134706
134707
134708
134709
134710
134711
134712
134716
134790
134794
134797
134799
134800
134801
134803
134804
134805
134806
134807
134808
134809
134810
134811
134812
134813
134814
134815
134816
134817
134818
134819
134821
134822
134823
134828
136010
136014
136015
136016
136017
136019
136020
136021
136022
136023
136024
136025
136026
136027
136028
136029
136030
136031
136032
136033
136034
136035
136037
136038
136039
136041
136042
136044
136048
136150
136154
136155
136156
136157
136158
136159
136160
136161
136162
136163
136164
136165
136166
136167
136168
136169
136170
136171
136172
136173
136174
136175
136176
136177
136178
136179
136180
136181
136182
136183
136184
136185
136186
136187
136188
136189
136190
136191
136192
136193
136194
136195
136196
136198
136202
136337
136338
136339
136340
136341
136342
136343
136344
136345
136346
136347
136348
136349
136350
136351
136352
136353
136354
136355
136356
136357
136358
136359
136360
136361
136362
136363
136364
136365
136366
136367
136368
136369
136370
136371
136372
136373
136374
136375
136376
136377
136378
136379
136380
136381
136382
136383
136384
136385
136386
136387
136388
136389
136390
136391
136392
136540
136542
136544
136546
136547
136548
136549
136550
136551
136552
136553
136554
136555
136556
136557
136558
136559
136560
136561
136562
136563
136564
136565
136566
136567
136568
136569
136570
136571
136572
136573
136574
136575
136576
136577
136578
136579
136580
136581
136582
136583
136584
136585
136586
136587
136588
136589
136590
136591
136592
136593
136594
136595
136596
136597
136598
136599
136600
136601
136602
136604
136606
136608
136750
136752
136754
136756
136757
136758
136759
136760
136761
136762
136763
136764
136765
136766
136767
136768
136769
136770
136771
136772
136773
136774
136775
136776
136777
136778
136779
136780
136781
136782
136783
136784
136785
136786
136787
136788
136789
136790
136791
136792
136793
136794
136795
136796
136797
136798
136799
136800
136801
136802
136803
136804
136805
136806
136807
136808
136809
136810
136811
136812
136814
136816
136818
136960
136962
136964
136966
136967
136968
136969
136970
136971
136972
136973
136974
136975
136976
136977
136978
136979
136980
136981
136982
136983
136984
136985
136986
136987
136988
136989
136990
136991
136992
136993
136994
136995
136996
136997
136998
136999
137000
137001
137002
137003
137004
137005
137006
137007
137008
137009
137010
137011
137012
137013
137014
137015
137016
137017
137018
137019
137020
137021
137022
137024
137026
137028
137177
137178
137179
137180
137181
137182
137183
137184
137185
137186
137187
137188
137189
137190
137191
137192
137193
137194
137195
137196
137197
137198
137199
137200
137201
137202
137203
137204
137205
137206
137207
137208
137209
137210
137211
137212
137213
137214
137215
137216
137217
137218
137219
137220
137221
137222
137223
137224
137225
137226
137227
137228
137229
137230
137231
137232
137366
137370
137373
137374
137375
137376
137377
137378
137379
137380
137381
137382
137383
137384
137385
137386
137387
137388
137389
137390
137391
137392
137393
137394
137395
137396
137397
137398
137399
137400
137401
137402
137403
137404
137405
137406
137407
137408
137409
137410
137411
137412
137413
137414
137418
137520
137524
137527
137529
137530
137531
137533
137534
137535
137536
137537
137538
137539
137540
137541
137542
137543
137544
137545
137546
137547
137548
137549
137551
137552
137553
137558
139522
139523
139524
139529
139530
139531
139536
139537
139538
139543
139544
139545
139620
139621
139622
139627
139628
139629
139634
139635
139636
139641
139642
139643
139648
139649
139650
139655
139656
139657
139760
139761
139762
139767
139768
139769
139774
139775
139776
139781
139782
139783
139788
139789
139790
139795
139796
139797
139802
139803
139804
139809
139810
139811
139928
139929
139930
139935
139936
139937
139942
139943
139944
139949
139950
139951
139956
139957
139958
139963
139964
139965
139970
139971
139972
139977
139978
139979
140096
140097
140098
140103
140104
140105
140110
140111
140112
140117
140118
140119
140124
140125
140126
140131
140132
140133
140138
140139
140140
140145
140146
140147
140250
140251
140252
140257
140258
140259
140264
140265
140266
140271
140272
140273
140278
140279
140280
140285
140286
140287
140362
140363
140364
140369
140370
140371
140376
140377
140378
140383
140384
140385
141587
141588
141589
141590
141591
141592
141593
141594
141595
141596
141597
141598
141599
141600
141713
141714
141715
141716
141717
141718
141719
141720
141721
141722
141723
141724
141725
141726
142301
142302
142303
142304
142305
142306
142307
142308
142309
142310
142311
142312
142313
142314
142427
142428
142429
142430
142431
142432
142433
142434
142435
142436
142437
142438
142439
142440
143015
143016
143017
143018
143019
143020
143021
143022
143023
143024
143025
143026
143027
143028
143141
143142
143143
143144
143145
143146
143147
143148
143149
143150
143151
143152
143153
143154
143729
143730
143731
143732
143733
143734
143735
143736
143737
143738
143739
143740
143741
143742
143855
143856
143857
143858
143859
143860
143861
143862
143863
143864
143865
143866
143867
143868
144443
144444
144445
144446
144447
144448
144449
144450
144451
144452
144453
144454
144455
144456
144569
144570
144571
144572
144573
144574
144575
144576
144577
144578
144579
144580
144581
144582
145157
145158
145159
145160
145161
145162
145163
145164
145165
145166
145167
145168
145169
145170
145283
145284
145285
145286
145287
145288
145289
145290
145291
145292
145293
145294
145295
145296
145871
145872
145873
145874
145875
145876
145877
145878
145879
145880
145881
145882
145883
145884
145997
145998
145999
146000
146001
146002
146003
146004
146005
146006
146007
146008
146009
146010
146585
146586
146587
146588
146589
146590
146591
146592
146593
146594
146595
146596
146597
146598
146711
146712
146713
146714
146715
146716
146717
146718
146719
146720
146721
146722
146723
146724
147299
147300
147301
147302
147303
147304
147305
147306
147307
147308
147309
147310
147311
147312
147425
147426
147427
147428
147429
147430
147431
147432
147433
147434
147435
147436
147437
147438
148013
148014
148015
148016
148017
148018
148019
148020
148021
148022
148023
148024
148025
148026
148139
148140
148141
148142
148143
148144
148145
148146
148147
148148
148149
148150
148151
148152
148727
148728
148729
148730
148731
148732
148733
148734
148735
148736
148737
148738
148739
148740
148853
148854
148855
148856
148857
148858
148859
148860
148861
148862
148863
148864
148865
148866
149441
149442
149443
149444
149445
149446
149447
149448
149449
149450
149451
149452
149453
149454
149567
149568
149569
149570
149571
149572
149573
149574
149575
149576
149577
149578
149579
149580
150155
150156
150157
150158
150159
150160
150161
150162
150163
150164
150165
150166
150167
150168
150281
150282
150283
150284
150285
150286
150287
150288
150289
150290
150291
150292
150293
150294
150869
150870
150871
150872
150873
150874
150875
150876
150877
150878
150879
150880
150881
150882
150995
150996
150997
150998
150999
151000
151001
151002
151003
151004
151005
151006
151007
151008
151583
151584
151585
151586
151587
151588
151589
151590
151591
151592
151593
151594
151595
151596
151709
151710
151711
151712
151713
151714
151715
151716
151717
151718
151719
151720
151721
151722
152297
152298
152299
152300
152301
152302
152303
152304
152305
152306
152307
152308
152309
152310
152423
152424
152425
152426
152427
152428
152429
152430
152431
152432
152433
152434
152435
152436
153011
153012
153013
153014
153015
153016
153017
153018
153019
153020
153021
153022
153023
153024
153137
153138
153139
153140
153141
153142
153143
153144
153145
153146
153147
153148
153149
153150
153725
153726
153727
153728
153729
153730
153731
153732
153733
153734
153735
153736
153737
153738
153851
153852
153853
153854
153855
153856
153857
153858
153859
153860
153861
153862
153863
153864
154439
154440
154441
154442
154443
154444
154445
154446
154447
154448
154449
154450
154451
154452
154565
154566
154567
154568
154569
154570
154571
154572
154573
154574
154575
154576
154577
154578
155153
155154
155155
155156
155157
155158
155159
155160
155161
155162
155163
155164
155165
155166
155279
155280
155281
155282
155283
155284
155285
155286
155287
155288
155289
155290
155291
155292
155867
155868
155869
155870
155871
155872
155873
155874
155875
155876
155877
155878
155879
155880
155993
155994
155995
155996
155997
155998
155999
156000
156001
156002
156003
156004
156005
156006
156581
156582
156583
156584
156585
156586
156587
156588
156589
156590
156591
156592
156593
156594
156707
156708
156709
156710
156711
156712
156713
156714
156715
156716
156717
156718
156719
156720
157295
157296
157297
157298
157299
157300
157301
157302
157303
157304
157305
157306
157307
157308
157421
157422
157423
157424
157425
157426
157427
157428
157429
157430
157431
157432
157433
157434
158009
158010
158011
158012
158013
158014
158015
158016
158017
158018
158019
158020
158021
158022
158135
158136
158137
158138
158139
158140
158141
158142
158143
158144
158145
158146
158147
158148
158723
158724
158725
158726
158727
158728
158729
158730
158731
158732
158733
158734
158735
158736
158849
158850
158851
158852
158853
158854
158855
158856
158857
158858
158859
158860
158861
158862
159437
159438
159439
159440
159441
159442
159443
159444
159445
159446
159447
159448
159449
159450
159563
159564
159565
159566
159567
159568
159569
159570
159571
159572
159573
159574
159575
159576
160151
160152
160153
160154
160155
160156
160157
160158
160159
160160
160161
160162
160163
160164
160277
160278
160279
160280
160281
160282
160283
160284
160285
160286
160287
160288
160289
160290
160865
160866
160867
160868
160869
160870
160871
160872
160873
160874
160875
160876
160877
160878
160991
160992
160993
160994
160995
160996
160997
160998
160999
161000
161001
161002
161003
161004
161579
161580
161581
161582
161583
161584
161585
161586
161587
161588
161589
161590
161591
161592
161705
161706
161707
161708
161709
161710
161711
161712
161713
161714
161715
161716
161717
161718
162293
162294
162295
162296
162297
162298
162299
162300
162301
162302
162303
162304
162305
162306
162419
162420
162421
162422
162423
162424
162425
162426
162427
162428
162429
162430
162431
162432
163007
163008
163009
163010
163011
163012
163013
163014
163015
163016
163017
163018
163019
163020
163133
163134
163135
163136
163137
163138
163139
163140
163141
163142
163143
163144
163145
163146
)


// ************************************************************************* //
