/*--------------------------------*- C++ -*----------------------------------*\
| =========                 |                                                 |
| \\      /  F ield         | OpenFOAM: The Open Source CFD Toolbox           |
|  \\    /   O peration     | Version:  2606                                  |
|   \\  /    A nd           | Website:  www.openfoam.com                      |
|    \\/     M anipulation  |                                                 |
\*---------------------------------------------------------------------------*/
FoamFile
{
    version     2.0;
    format      ascii;
    arch        "LSB;label=32;scalar=64";
    class       labelList;
    location    "constant/cell1/polyMesh";
    object      pointRegionAddressing;
}
// * * * * * * * * * * * * * * * * * * * * * * * * * * * * * * * * * * * * * //


13138
(
226
227
228
315
316
317
318
319
320
321
405
406
407
408
409
410
411
412
413
496
497
498
499
500
501
502
503
504
587
588
589
590
591
592
593
594
595
678
679
680
681
682
683
684
685
686
769
770
771
772
773
774
775
776
777
860
861
862
863
864
865
866
867
868
952
953
954
955
956
957
958
1045
1046
1047
2410
2411
2412
2499
2500
2501
2502
2503
2504
2505
2589
2590
2591
2592
2593
2594
2595
2596
2597
2680
2681
2682
2683
2684
2685
2686
2687
2688
2771
2772
2773
2774
2775
2776
2777
2778
2779
2862
2863
2864
2865
2866
2867
2868
2869
2870
2953
2954
2955
2956
2957
2958
2959
2960
2961
3044
3045
3046
3047
3048
3049
3050
3051
3052
3136
3137
3138
3139
3140
3141
3142
3229
3230
3231
4594
4595
4596
4683
4684
4685
4686
4687
4688
4689
4773
4774
4775
4776
4777
4778
4779
4780
4781
4864
4865
4866
4867
4868
4869
4870
4871
4872
4955
4956
4957
4958
4959
4960
4961
4962
4963
5046
5047
5048
5049
5050
5051
5052
5053
5054
5137
5138
5139
5140
5141
5142
5143
5144
5145
5228
5229
5230
5231
5232
5233
5234
5235
5236
5320
5321
5322
5323
5324
5325
5326
5413
5414
5415
6778
6779
6780
6867
6868
6869
6870
6871
6872
6873
6957
6958
6959
6960
6961
6962
6963
6964
6965
7048
7049
7050
7051
7052
7053
7054
7055
7056
7139
7140
7141
7142
7143
7144
7145
7146
7147
7230
7231
7232
7233
7234
7235
7236
7237
7238
7321
7322
7323
7324
7325
7326
7327
7328
7329
7412
7413
7414
7415
7416
7417
7418
7419
7420
7504
7505
7506
7507
7508
7509
7510
7597
7598
7599
8962
8963
8964
9051
9052
9053
9054
9055
9056
9057
9141
9142
9143
9144
9145
9146
9147
9148
9149
9232
9233
9234
9235
9236
9237
9238
9239
9240
9323
9324
9325
9326
9327
9328
9329
9330
9331
9414
9415
9416
9417
9418
9419
9420
9421
9422
9505
9506
9507
9508
9509
9510
9511
9512
9513
9596
9597
9598
9599
9600
9601
9602
9603
9604
9688
9689
9690
9691
9692
9693
9694
9781
9782
9783
11146
11147
11148
11235
11236
11237
11238
11239
11240
11241
11325
11326
11327
11328
11329
11330
11331
11332
11333
11416
11417
11418
11419
11420
11421
11422
11423
11424
11507
11508
11509
11510
11511
11512
11513
11514
11515
11598
11599
11600
11601
11602
11603
11604
11605
11606
11689
11690
11691
11692
11693
11694
11695
11696
11697
11780
11781
11782
11783
11784
11785
11786
11787
11788
11872
11873
11874
11875
11876
11877
11878
11965
11966
11967
13330
13331
13332
13419
13420
13421
13422
13423
13424
13425
13509
13510
13511
13512
13513
13514
13515
13516
13517
13600
13601
13602
13603
13604
13605
13606
13607
13608
13691
13692
13693
13694
13695
13696
13697
13698
13699
13782
13783
13784
13785
13786
13787
13788
13789
13790
13873
13874
13875
13876
13877
13878
13879
13880
13881
13964
13965
13966
13967
13968
13969
13970
13971
13972
14056
14057
14058
14059
14060
14061
14062
14149
14150
14151
15514
15515
15516
15603
15604
15605
15606
15607
15608
15609
15693
15694
15695
15696
15697
15698
15699
15700
15701
15784
15785
15786
15787
15788
15789
15790
15791
15792
15875
15876
15877
15878
15879
15880
15881
15882
15883
15966
15967
15968
15969
15970
15971
15972
15973
15974
16057
16058
16059
16060
16061
16062
16063
16064
16065
16148
16149
16150
16151
16152
16153
16154
16155
16156
16240
16241
16242
16243
16244
16245
16246
16333
16334
16335
17698
17699
17700
17787
17788
17789
17790
17791
17792
17793
17877
17878
17879
17880
17881
17882
17883
17884
17885
17968
17969
17970
17971
17972
17973
17974
17975
17976
18059
18060
18061
18062
18063
18064
18065
18066
18067
18150
18151
18152
18153
18154
18155
18156
18157
18158
18241
18242
18243
18244
18245
18246
18247
18248
18249
18332
18333
18334
18335
18336
18337
18338
18339
18340
18424
18425
18426
18427
18428
18429
18430
18517
18518
18519
19882
19883
19884
19971
19972
19973
19974
19975
19976
19977
20061
20062
20063
20064
20065
20066
20067
20068
20069
20152
20153
20154
20155
20156
20157
20158
20159
20160
20243
20244
20245
20246
20247
20248
20249
20250
20251
20334
20335
20336
20337
20338
20339
20340
20341
20342
20425
20426
20427
20428
20429
20430
20431
20432
20433
20516
20517
20518
20519
20520
20521
20522
20523
20524
20608
20609
20610
20611
20612
20613
20614
20701
20702
20703
22066
22067
22068
22155
22156
22157
22158
22159
22160
22161
22245
22246
22247
22248
22249
22250
22251
22252
22253
22336
22337
22338
22339
22340
22341
22342
22343
22344
22427
22428
22429
22430
22431
22432
22433
22434
22435
22518
22519
22520
22521
22522
22523
22524
22525
22526
22609
22610
22611
22612
22613
22614
22615
22616
22617
22700
22701
22702
22703
22704
22705
22706
22707
22708
22792
22793
22794
22795
22796
22797
22798
22885
22886
22887
24250
24251
24252
24339
24340
24341
24342
24343
24344
24345
24429
24430
24431
24432
24433
24434
24435
24436
24437
24520
24521
24522
24523
24524
24525
24526
24527
24528
24611
24612
24613
24614
24615
24616
24617
24618
24619
24702
24703
24704
24705
24706
24707
24708
24709
24710
24793
24794
24795
24796
24797
24798
24799
24800
24801
24884
24885
24886
24887
24888
24889
24890
24891
24892
24976
24977
24978
24979
24980
24981
24982
25069
25070
25071
26434
26435
26436
26523
26524
26525
26526
26527
26528
26529
26613
26614
26615
26616
26617
26618
26619
26620
26621
26704
26705
26706
26707
26708
26709
26710
26711
26712
26795
26796
26797
26798
26799
26800
26801
26802
26803
26886
26887
26888
26889
26890
26891
26892
26893
26894
26977
26978
26979
26980
26981
26982
26983
26984
26985
27068
27069
27070
27071
27072
27073
27074
27075
27076
27160
27161
27162
27163
27164
27165
27166
27253
27254
27255
28618
28619
28620
28707
28708
28709
28710
28711
28712
28713
28797
28798
28799
28800
28801
28802
28803
28804
28805
28888
28889
28890
28891
28892
28893
28894
28895
28896
28979
28980
28981
28982
28983
28984
28985
28986
28987
29070
29071
29072
29073
29074
29075
29076
29077
29078
29161
29162
29163
29164
29165
29166
29167
29168
29169
29252
29253
29254
29255
29256
29257
29258
29259
29260
29344
29345
29346
29347
29348
29349
29350
29437
29438
29439
30802
30803
30804
30891
30892
30893
30894
30895
30896
30897
30981
30982
30983
30984
30985
30986
30987
30988
30989
31072
31073
31074
31075
31076
31077
31078
31079
31080
31163
31164
31165
31166
31167
31168
31169
31170
31171
31254
31255
31256
31257
31258
31259
31260
31261
31262
31345
31346
31347
31348
31349
31350
31351
31352
31353
31436
31437
31438
31439
31440
31441
31442
31443
31444
31528
31529
31530
31531
31532
31533
31534
31621
31622
31623
32986
32987
32988
33075
33076
33077
33078
33079
33080
33081
33165
33166
33167
33168
33169
33170
33171
33172
33173
33256
33257
33258
33259
33260
33261
33262
33263
33264
33347
33348
33349
33350
33351
33352
33353
33354
33355
33438
33439
33440
33441
33442
33443
33444
33445
33446
33529
33530
33531
33532
33533
33534
33535
33536
33537
33620
33621
33622
33623
33624
33625
33626
33627
33628
33712
33713
33714
33715
33716
33717
33718
33805
33806
33807
35170
35171
35172
35259
35260
35261
35262
35263
35264
35265
35349
35350
35351
35352
35353
35354
35355
35356
35357
35440
35441
35442
35443
35444
35445
35446
35447
35448
35531
35532
35533
35534
35535
35536
35537
35538
35539
35622
35623
35624
35625
35626
35627
35628
35629
35630
35713
35714
35715
35716
35717
35718
35719
35720
35721
35804
35805
35806
35807
35808
35809
35810
35811
35812
35896
35897
35898
35899
35900
35901
35902
35989
35990
35991
37354
37355
37356
37443
37444
37445
37446
37447
37448
37449
37533
37534
37535
37536
37537
37538
37539
37540
37541
37624
37625
37626
37627
37628
37629
37630
37631
37632
37715
37716
37717
37718
37719
37720
37721
37722
37723
37806
37807
37808
37809
37810
37811
37812
37813
37814
37897
37898
37899
37900
37901
37902
37903
37904
37905
37988
37989
37990
37991
37992
37993
37994
37995
37996
38080
38081
38082
38083
38084
38085
38086
38173
38174
38175
39538
39539
39540
39627
39628
39629
39630
39631
39632
39633
39717
39718
39719
39720
39721
39722
39723
39724
39725
39808
39809
39810
39811
39812
39813
39814
39815
39816
39899
39900
39901
39902
39903
39904
39905
39906
39907
39990
39991
39992
39993
39994
39995
39996
39997
39998
40081
40082
40083
40084
40085
40086
40087
40088
40089
40172
40173
40174
40175
40176
40177
40178
40179
40180
40264
40265
40266
40267
40268
40269
40270
40357
40358
40359
41722
41723
41724
41811
41812
41813
41814
41815
41816
41817
41901
41902
41903
41904
41905
41906
41907
41908
41909
41992
41993
41994
41995
41996
41997
41998
41999
42000
42083
42084
42085
42086
42087
42088
42089
42090
42091
42174
42175
42176
42177
42178
42179
42180
42181
42182
42265
42266
42267
42268
42269
42270
42271
42272
42273
42356
42357
42358
42359
42360
42361
42362
42363
42364
42448
42449
42450
42451
42452
42453
42454
42541
42542
42543
43906
43907
43908
43995
43996
43997
43998
43999
44000
44001
44085
44086
44087
44088
44089
44090
44091
44092
44093
44176
44177
44178
44179
44180
44181
44182
44183
44184
44267
44268
44269
44270
44271
44272
44273
44274
44275
44358
44359
44360
44361
44362
44363
44364
44365
44366
44449
44450
44451
44452
44453
44454
44455
44456
44457
44540
44541
44542
44543
44544
44545
44546
44547
44548
44632
44633
44634
44635
44636
44637
44638
44725
44726
44727
46090
46091
46092
46179
46180
46181
46182
46183
46184
46185
46269
46270
46271
46272
46273
46274
46275
46276
46277
46360
46361
46362
46363
46364
46365
46366
46367
46368
46451
46452
46453
46454
46455
46456
46457
46458
46459
46542
46543
46544
46545
46546
46547
46548
46549
46550
46633
46634
46635
46636
46637
46638
46639
46640
46641
46724
46725
46726
46727
46728
46729
46730
46731
46732
46816
46817
46818
46819
46820
46821
46822
46909
46910
46911
48274
48275
48276
48363
48364
48365
48366
48367
48368
48369
48453
48454
48455
48456
48457
48458
48459
48460
48461
48544
48545
48546
48547
48548
48549
48550
48551
48552
48635
48636
48637
48638
48639
48640
48641
48642
48643
48726
48727
48728
48729
48730
48731
48732
48733
48734
48817
48818
48819
48820
48821
48822
48823
48824
48825
48908
48909
48910
48911
48912
48913
48914
48915
48916
49000
49001
49002
49003
49004
49005
49006
49093
49094
49095
50458
50459
50460
50547
50548
50549
50550
50551
50552
50553
50637
50638
50639
50640
50641
50642
50643
50644
50645
50728
50729
50730
50731
50732
50733
50734
50735
50736
50819
50820
50821
50822
50823
50824
50825
50826
50827
50910
50911
50912
50913
50914
50915
50916
50917
50918
51001
51002
51003
51004
51005
51006
51007
51008
51009
51092
51093
51094
51095
51096
51097
51098
51099
51100
51184
51185
51186
51187
51188
51189
51190
51277
51278
51279
52642
52643
52644
52731
52732
52733
52734
52735
52736
52737
52821
52822
52823
52824
52825
52826
52827
52828
52829
52912
52913
52914
52915
52916
52917
52918
52919
52920
53003
53004
53005
53006
53007
53008
53009
53010
53011
53094
53095
53096
53097
53098
53099
53100
53101
53102
53185
53186
53187
53188
53189
53190
53191
53192
53193
53276
53277
53278
53279
53280
53281
53282
53283
53284
53368
53369
53370
53371
53372
53373
53374
53461
53462
53463
54826
54827
54828
54915
54916
54917
54918
54919
54920
54921
55005
55006
55007
55008
55009
55010
55011
55012
55013
55096
55097
55098
55099
55100
55101
55102
55103
55104
55187
55188
55189
55190
55191
55192
55193
55194
55195
55278
55279
55280
55281
55282
55283
55284
55285
55286
55369
55370
55371
55372
55373
55374
55375
55376
55377
55460
55461
55462
55463
55464
55465
55466
55467
55468
55552
55553
55554
55555
55556
55557
55558
55645
55646
55647
57010
57011
57012
57099
57100
57101
57102
57103
57104
57105
57189
57190
57191
57192
57193
57194
57195
57196
57197
57280
57281
57282
57283
57284
57285
57286
57287
57288
57371
57372
57373
57374
57375
57376
57377
57378
57379
57462
57463
57464
57465
57466
57467
57468
57469
57470
57553
57554
57555
57556
57557
57558
57559
57560
57561
57644
57645
57646
57647
57648
57649
57650
57651
57652
57736
57737
57738
57739
57740
57741
57742
57829
57830
57831
59194
59195
59196
59283
59284
59285
59286
59287
59288
59289
59373
59374
59375
59376
59377
59378
59379
59380
59381
59464
59465
59466
59467
59468
59469
59470
59471
59472
59555
59556
59557
59558
59559
59560
59561
59562
59563
59646
59647
59648
59649
59650
59651
59652
59653
59654
59737
59738
59739
59740
59741
59742
59743
59744
59745
59828
59829
59830
59831
59832
59833
59834
59835
59836
59920
59921
59922
59923
59924
59925
59926
60013
60014
60015
61378
61379
61380
61467
61468
61469
61470
61471
61472
61473
61557
61558
61559
61560
61561
61562
61563
61564
61565
61648
61649
61650
61651
61652
61653
61654
61655
61656
61739
61740
61741
61742
61743
61744
61745
61746
61747
61830
61831
61832
61833
61834
61835
61836
61837
61838
61921
61922
61923
61924
61925
61926
61927
61928
61929
62012
62013
62014
62015
62016
62017
62018
62019
62020
62104
62105
62106
62107
62108
62109
62110
62197
62198
62199
63562
63563
63564
63651
63652
63653
63654
63655
63656
63657
63741
63742
63743
63744
63745
63746
63747
63748
63749
63832
63833
63834
63835
63836
63837
63838
63839
63840
63923
63924
63925
63926
63927
63928
63929
63930
63931
64014
64015
64016
64017
64018
64019
64020
64021
64022
64105
64106
64107
64108
64109
64110
64111
64112
64113
64196
64197
64198
64199
64200
64201
64202
64203
64204
64288
64289
64290
64291
64292
64293
64294
64381
64382
64383
65746
65747
65748
65835
65836
65837
65838
65839
65840
65841
65925
65926
65927
65928
65929
65930
65931
65932
65933
66016
66017
66018
66019
66020
66021
66022
66023
66024
66107
66108
66109
66110
66111
66112
66113
66114
66115
66198
66199
66200
66201
66202
66203
66204
66205
66206
66289
66290
66291
66292
66293
66294
66295
66296
66297
66380
66381
66382
66383
66384
66385
66386
66387
66388
66472
66473
66474
66475
66476
66477
66478
66565
66566
66567
67930
67931
67932
68019
68020
68021
68022
68023
68024
68025
68109
68110
68111
68112
68113
68114
68115
68116
68117
68200
68201
68202
68203
68204
68205
68206
68207
68208
68291
68292
68293
68294
68295
68296
68297
68298
68299
68382
68383
68384
68385
68386
68387
68388
68389
68390
68473
68474
68475
68476
68477
68478
68479
68480
68481
68564
68565
68566
68567
68568
68569
68570
68571
68572
68656
68657
68658
68659
68660
68661
68662
68749
68750
68751
70114
70115
70116
70203
70204
70205
70206
70207
70208
70209
70293
70294
70295
70296
70297
70298
70299
70300
70301
70384
70385
70386
70387
70388
70389
70390
70391
70392
70475
70476
70477
70478
70479
70480
70481
70482
70483
70566
70567
70568
70569
70570
70571
70572
70573
70574
70657
70658
70659
70660
70661
70662
70663
70664
70665
70748
70749
70750
70751
70752
70753
70754
70755
70756
70840
70841
70842
70843
70844
70845
70846
70933
70934
70935
80814
80815
80816
80817
80818
80819
80830
80831
80832
80833
80843
80844
80852
80853
80858
80859
80864
80865
80873
80874
80884
80885
80886
80887
80898
80899
80900
80901
80902
80903
81037
81038
81040
81041
81042
81043
81044
81045
81046
81047
81048
81050
81100
81101
81102
81103
81104
81105
81106
81107
81108
81109
81110
81111
81112
81113
81114
81116
81117
81164
81165
81166
81167
81168
81169
81170
81171
81172
81173
81174
81175
81177
81178
81211
81214
81215
81216
81217
81218
81219
81220
81221
81222
81245
81248
81249
81250
81251
81252
81271
81274
81275
81276
81277
81278
81303
81306
81307
81308
81309
81310
81311
81312
81313
81314
81315
81316
81354
81356
81357
81358
81359
81360
81361
81362
81363
81364
81365
81366
81367
81370
81417
81419
81420
81421
81422
81423
81424
81425
81426
81427
81428
81429
81430
81431
81432
81433
81434
81437
81478
81480
81481
81482
81483
81484
81485
82594
82595
82596
82597
82598
82599
82610
82611
82612
82613
82623
82624
82632
82633
82638
82639
82644
82645
82653
82654
82664
82665
82666
82667
82678
82679
82680
82681
82682
82683
82801
82802
82803
82804
82835
82836
82838
82839
82841
82842
82844
82845
82847
82848
82851
82893
82894
82896
82897
82899
82900
82901
82904
82937
82938
82940
82941
82943
82944
82945
82948
82971
82972
82974
82976
82993
82994
82996
82998
83017
83018
83020
83021
83022
83024
83051
83054
83055
83057
83058
83059
83060
83061
83100
83103
83104
83106
83107
83108
83109
83110
83111
83112
83155
83158
83159
83161
83162
83164
83165
83167
83168
83643
83644
83645
83646
83647
83648
83659
83660
83661
83662
83672
83673
83683
83684
83685
83686
83695
83696
83697
83698
83707
83708
83709
83710
83720
83721
83731
83732
83733
83734
83745
83746
83747
83748
83749
83750
83919
83920
83921
83922
83923
83924
83935
83936
83937
83938
83948
83949
83959
83960
83961
83962
83971
83972
83973
83974
83983
83984
83985
83986
83996
83997
84007
84008
84009
84010
84021
84022
84023
84024
84025
84026
84195
84196
84197
84198
84199
84200
84211
84212
84213
84214
84224
84225
84235
84236
84237
84238
84247
84248
84249
84250
84259
84260
84261
84262
84272
84273
84283
84284
84285
84286
84297
84298
84299
84300
84301
84302
84471
84472
84473
84474
84475
84476
84487
84488
84489
84490
84500
84501
84511
84512
84513
84514
84523
84524
84525
84526
84535
84536
84537
84538
84548
84549
84559
84560
84561
84562
84573
84574
84575
84576
84577
84578
84747
84748
84749
84750
84751
84752
84763
84764
84765
84766
84776
84777
84787
84788
84789
84790
84799
84800
84801
84802
84811
84812
84813
84814
84824
84825
84835
84836
84837
84838
84849
84850
84851
84852
84853
84854
85023
85024
85025
85026
85027
85028
85039
85040
85041
85042
85052
85053
85063
85064
85065
85066
85075
85076
85077
85078
85087
85088
85089
85090
85100
85101
85111
85112
85113
85114
85125
85126
85127
85128
85129
85130
85299
85300
85301
85302
85303
85304
85315
85316
85317
85318
85328
85329
85339
85340
85341
85342
85351
85352
85353
85354
85363
85364
85365
85366
85376
85377
85387
85388
85389
85390
85401
85402
85403
85404
85405
85406
85575
85576
85577
85578
85579
85580
85591
85592
85593
85594
85604
85605
85615
85616
85617
85618
85627
85628
85629
85630
85639
85640
85641
85642
85652
85653
85663
85664
85665
85666
85677
85678
85679
85680
85681
85682
85851
85852
85853
85854
85855
85856
85867
85868
85869
85870
85880
85881
85891
85892
85893
85894
85903
85904
85905
85906
85915
85916
85917
85918
85928
85929
85939
85940
85941
85942
85953
85954
85955
85956
85957
85958
86127
86128
86129
86130
86131
86132
86143
86144
86145
86146
86156
86157
86167
86168
86169
86170
86179
86180
86181
86182
86191
86192
86193
86194
86204
86205
86215
86216
86217
86218
86229
86230
86231
86232
86233
86234
86403
86404
86405
86406
86407
86408
86419
86420
86421
86422
86432
86433
86443
86444
86445
86446
86455
86456
86457
86458
86467
86468
86469
86470
86480
86481
86491
86492
86493
86494
86505
86506
86507
86508
86509
86510
86679
86680
86681
86682
86683
86684
86695
86696
86697
86698
86708
86709
86719
86720
86721
86722
86731
86732
86733
86734
86743
86744
86745
86746
86756
86757
86767
86768
86769
86770
86781
86782
86783
86784
86785
86786
86955
86956
86957
86958
86959
86960
86971
86972
86973
86974
86984
86985
86995
86996
86997
86998
87007
87008
87009
87010
87019
87020
87021
87022
87032
87033
87043
87044
87045
87046
87057
87058
87059
87060
87061
87062
87231
87232
87233
87234
87235
87236
87247
87248
87249
87250
87260
87261
87271
87272
87273
87274
87283
87284
87285
87286
87295
87296
87297
87298
87308
87309
87319
87320
87321
87322
87333
87334
87335
87336
87337
87338
87507
87508
87509
87510
87511
87512
87523
87524
87525
87526
87536
87537
87547
87548
87549
87550
87559
87560
87561
87562
87571
87572
87573
87574
87584
87585
87595
87596
87597
87598
87609
87610
87611
87612
87613
87614
87783
87784
87785
87786
87787
87788
87799
87800
87801
87802
87812
87813
87823
87824
87825
87826
87835
87836
87837
87838
87847
87848
87849
87850
87860
87861
87871
87872
87873
87874
87885
87886
87887
87888
87889
87890
88059
88060
88061
88062
88063
88064
88075
88076
88077
88078
88088
88089
88099
88100
88101
88102
88111
88112
88113
88114
88123
88124
88125
88126
88136
88137
88147
88148
88149
88150
88161
88162
88163
88164
88165
88166
88335
88336
88337
88338
88339
88340
88351
88352
88353
88354
88364
88365
88375
88376
88377
88378
88387
88388
88389
88390
88399
88400
88401
88402
88412
88413
88423
88424
88425
88426
88437
88438
88439
88440
88441
88442
88611
88612
88613
88614
88615
88616
88627
88628
88629
88630
88640
88641
88651
88652
88653
88654
88663
88664
88665
88666
88675
88676
88677
88678
88688
88689
88699
88700
88701
88702
88713
88714
88715
88716
88717
88718
88887
88888
88889
88890
88891
88892
88903
88904
88905
88906
88916
88917
88927
88928
88929
88930
88939
88940
88941
88942
88951
88952
88953
88954
88964
88965
88975
88976
88977
88978
88989
88990
88991
88992
88993
88994
89163
89164
89165
89166
89167
89168
89179
89180
89181
89182
89192
89193
89203
89204
89205
89206
89215
89216
89217
89218
89227
89228
89229
89230
89240
89241
89251
89252
89253
89254
89265
89266
89267
89268
89269
89270
89439
89440
89441
89442
89443
89444
89455
89456
89457
89458
89468
89469
89479
89480
89481
89482
89491
89492
89493
89494
89503
89504
89505
89506
89516
89517
89527
89528
89529
89530
89541
89542
89543
89544
89545
89546
89715
89716
89717
89718
89719
89720
89731
89732
89733
89734
89744
89745
89755
89756
89757
89758
89767
89768
89769
89770
89779
89780
89781
89782
89792
89793
89803
89804
89805
89806
89817
89818
89819
89820
89821
89822
89991
89992
89993
89994
89995
89996
90007
90008
90009
90010
90020
90021
90031
90032
90033
90034
90043
90044
90045
90046
90055
90056
90057
90058
90068
90069
90079
90080
90081
90082
90093
90094
90095
90096
90097
90098
90267
90268
90269
90270
90271
90272
90283
90284
90285
90286
90296
90297
90307
90308
90309
90310
90319
90320
90321
90322
90331
90332
90333
90334
90344
90345
90355
90356
90357
90358
90369
90370
90371
90372
90373
90374
90543
90544
90545
90546
90547
90548
90559
90560
90561
90562
90572
90573
90583
90584
90585
90586
90595
90596
90597
90598
90607
90608
90609
90610
90620
90621
90631
90632
90633
90634
90645
90646
90647
90648
90649
90650
90819
90820
90821
90822
90823
90824
90835
90836
90837
90838
90848
90849
90859
90860
90861
90862
90871
90872
90873
90874
90883
90884
90885
90886
90896
90897
90907
90908
90909
90910
90921
90922
90923
90924
90925
90926
91095
91096
91097
91098
91099
91100
91111
91112
91113
91114
91124
91125
91135
91136
91137
91138
91147
91148
91149
91150
91159
91160
91161
91162
91172
91173
91183
91184
91185
91186
91197
91198
91199
91200
91201
91202
91371
91372
91373
91374
91375
91376
91387
91388
91389
91390
91400
91401
91411
91412
91413
91414
91423
91424
91425
91426
91435
91436
91437
91438
91448
91449
91459
91460
91461
91462
91473
91474
91475
91476
91477
91478
91647
91648
91649
91650
91651
91652
91663
91664
91665
91666
91676
91677
91687
91688
91689
91690
91699
91700
91701
91702
91711
91712
91713
91714
91724
91725
91735
91736
91737
91738
91749
91750
91751
91752
91753
91754
91923
91924
91925
91926
91927
91928
91939
91940
91941
91942
91952
91953
91963
91964
91965
91966
91975
91976
91977
91978
91987
91988
91989
91990
92000
92001
92011
92012
92013
92014
92025
92026
92027
92028
92029
92030
92199
92200
92201
92202
92203
92204
92219
92220
92221
92222
92223
92224
92225
92226
92246
92247
92248
92249
92250
92251
92252
92253
92275
92276
92277
92278
92279
92280
92281
92282
92283
92284
92305
92306
92307
92308
92309
92310
92311
92312
92313
92314
92335
92336
92337
92338
92339
92340
92341
92342
92343
92344
92366
92367
92368
92369
92370
92371
92372
92373
92393
92394
92395
92396
92397
92398
92399
92400
92415
92416
92417
92418
92419
92420
92701
92702
92703
92704
92715
92716
92717
92718
92719
92720
92735
92736
92737
92738
92739
92740
92741
92742
92759
92760
92761
92762
92763
92764
92765
92766
92783
92784
92785
92786
92787
92788
92789
92790
92805
92806
92807
92808
92809
92810
92821
92822
92823
92824
93044
93045
93047
93048
93049
93050
93051
93052
93053
93054
93055
93057
93107
93108
93109
93110
93111
93112
93113
93114
93115
93116
93117
93118
93119
93120
93121
93123
93124
93171
93172
93173
93174
93175
93176
93177
93178
93179
93180
93181
93182
93184
93185
93220
93223
93224
93225
93226
93227
93228
93229
93230
93231
93232
93233
93264
93267
93268
93269
93270
93271
93272
93273
93274
93275
93276
93277
93308
93311
93312
93313
93314
93315
93316
93317
93318
93319
93320
93321
93352
93355
93356
93357
93358
93359
93360
93361
93362
93363
93364
93365
93403
93405
93406
93407
93408
93409
93410
93411
93412
93413
93414
93415
93416
93419
93466
93468
93469
93470
93471
93472
93473
93474
93475
93476
93477
93478
93479
93480
93481
93482
93483
93486
93532
93535
93537
93538
93540
93541
93543
94203
94204
94206
94207
94208
94209
94210
94211
94212
94213
94214
94216
94266
94267
94268
94269
94270
94271
94272
94273
94274
94275
94276
94277
94278
94279
94280
94282
94283
94330
94331
94332
94333
94334
94335
94336
94337
94338
94339
94340
94341
94343
94344
94379
94382
94383
94384
94385
94386
94387
94388
94389
94390
94391
94392
94423
94426
94427
94428
94429
94430
94431
94432
94433
94434
94435
94436
94467
94470
94471
94472
94473
94474
94475
94476
94477
94478
94479
94480
94511
94514
94515
94516
94517
94518
94519
94520
94521
94522
94523
94524
94562
94564
94565
94566
94567
94568
94569
94570
94571
94572
94573
94574
94575
94578
94625
94627
94628
94629
94630
94631
94632
94633
94634
94635
94636
94637
94638
94639
94640
94641
94642
94645
94691
94694
94696
94697
94699
94700
94702
95362
95363
95365
95366
95367
95368
95369
95370
95371
95372
95373
95375
95425
95426
95427
95428
95429
95430
95431
95432
95433
95434
95435
95436
95437
95438
95439
95441
95442
95489
95490
95491
95492
95493
95494
95495
95496
95497
95498
95499
95500
95502
95503
95538
95541
95542
95543
95544
95545
95546
95547
95548
95549
95550
95551
95582
95585
95586
95587
95588
95589
95590
95591
95592
95593
95594
95595
95626
95629
95630
95631
95632
95633
95634
95635
95636
95637
95638
95639
95670
95673
95674
95675
95676
95677
95678
95679
95680
95681
95682
95683
95721
95723
95724
95725
95726
95727
95728
95729
95730
95731
95732
95733
95734
95737
95784
95786
95787
95788
95789
95790
95791
95792
95793
95794
95795
95796
95797
95798
95799
95800
95801
95804
95850
95853
95855
95856
95858
95859
95861
96521
96522
96524
96525
96526
96527
96528
96529
96530
96531
96532
96534
96584
96585
96586
96587
96588
96589
96590
96591
96592
96593
96594
96595
96596
96597
96598
96600
96601
96648
96649
96650
96651
96652
96653
96654
96655
96656
96657
96658
96659
96661
96662
96697
96700
96701
96702
96703
96704
96705
96706
96707
96708
96709
96710
96741
96744
96745
96746
96747
96748
96749
96750
96751
96752
96753
96754
96785
96788
96789
96790
96791
96792
96793
96794
96795
96796
96797
96798
96829
96832
96833
96834
96835
96836
96837
96838
96839
96840
96841
96842
96880
96882
96883
96884
96885
96886
96887
96888
96889
96890
96891
96892
96893
96896
96943
96945
96946
96947
96948
96949
96950
96951
96952
96953
96954
96955
96956
96957
96958
96959
96960
96963
97009
97012
97014
97015
97017
97018
97020
97680
97681
97683
97684
97685
97686
97687
97688
97689
97690
97691
97693
97743
97744
97745
97746
97747
97748
97749
97750
97751
97752
97753
97754
97755
97756
97757
97759
97760
97807
97808
97809
97810
97811
97812
97813
97814
97815
97816
97817
97818
97820
97821
97856
97859
97860
97861
97862
97863
97864
97865
97866
97867
97868
97869
97900
97903
97904
97905
97906
97907
97908
97909
97910
97911
97912
97913
97944
97947
97948
97949
97950
97951
97952
97953
97954
97955
97956
97957
97988
97991
97992
97993
97994
97995
97996
97997
97998
97999
98000
98001
98039
98041
98042
98043
98044
98045
98046
98047
98048
98049
98050
98051
98052
98055
98102
98104
98105
98106
98107
98108
98109
98110
98111
98112
98113
98114
98115
98116
98117
98118
98119
98122
98168
98171
98173
98174
98176
98177
98179
98839
98840
98842
98843
98844
98845
98846
98847
98848
98849
98850
98852
98902
98903
98904
98905
98906
98907
98908
98909
98910
98911
98912
98913
98914
98915
98916
98918
98919
98966
98967
98968
98969
98970
98971
98972
98973
98974
98975
98976
98977
98979
98980
99015
99018
99019
99020
99021
99022
99023
99024
99025
99026
99027
99028
99059
99062
99063
99064
99065
99066
99067
99068
99069
99070
99071
99072
99103
99106
99107
99108
99109
99110
99111
99112
99113
99114
99115
99116
99147
99150
99151
99152
99153
99154
99155
99156
99157
99158
99159
99160
99198
99200
99201
99202
99203
99204
99205
99206
99207
99208
99209
99210
99211
99214
99261
99263
99264
99265
99266
99267
99268
99269
99270
99271
99272
99273
99274
99275
99276
99277
99278
99281
99327
99330
99332
99333
99335
99336
99338
99998
99999
100001
100002
100003
100004
100005
100006
100007
100008
100009
100011
100061
100062
100063
100064
100065
100066
100067
100068
100069
100070
100071
100072
100073
100074
100075
100077
100078
100125
100126
100127
100128
100129
100130
100131
100132
100133
100134
100135
100136
100138
100139
100174
100177
100178
100179
100180
100181
100182
100183
100184
100185
100186
100187
100218
100221
100222
100223
100224
100225
100226
100227
100228
100229
100230
100231
100262
100265
100266
100267
100268
100269
100270
100271
100272
100273
100274
100275
100306
100309
100310
100311
100312
100313
100314
100315
100316
100317
100318
100319
100357
100359
100360
100361
100362
100363
100364
100365
100366
100367
100368
100369
100370
100373
100420
100422
100423
100424
100425
100426
100427
100428
100429
100430
100431
100432
100433
100434
100435
100436
100437
100440
100486
100489
100491
100492
100494
100495
100497
101157
101158
101160
101161
101162
101163
101164
101165
101166
101167
101168
101170
101220
101221
101222
101223
101224
101225
101226
101227
101228
101229
101230
101231
101232
101233
101234
101236
101237
101284
101285
101286
101287
101288
101289
101290
101291
101292
101293
101294
101295
101297
101298
101333
101336
101337
101338
101339
101340
101341
101342
101343
101344
101345
101346
101377
101380
101381
101382
101383
101384
101385
101386
101387
101388
101389
101390
101421
101424
101425
101426
101427
101428
101429
101430
101431
101432
101433
101434
101465
101468
101469
101470
101471
101472
101473
101474
101475
101476
101477
101478
101516
101518
101519
101520
101521
101522
101523
101524
101525
101526
101527
101528
101529
101532
101579
101581
101582
101583
101584
101585
101586
101587
101588
101589
101590
101591
101592
101593
101594
101595
101596
101599
101645
101648
101650
101651
101653
101654
101656
102316
102317
102319
102320
102321
102322
102323
102324
102325
102326
102327
102329
102379
102380
102381
102382
102383
102384
102385
102386
102387
102388
102389
102390
102391
102392
102393
102395
102396
102443
102444
102445
102446
102447
102448
102449
102450
102451
102452
102453
102454
102456
102457
102492
102495
102496
102497
102498
102499
102500
102501
102502
102503
102504
102505
102536
102539
102540
102541
102542
102543
102544
102545
102546
102547
102548
102549
102580
102583
102584
102585
102586
102587
102588
102589
102590
102591
102592
102593
102624
102627
102628
102629
102630
102631
102632
102633
102634
102635
102636
102637
102675
102677
102678
102679
102680
102681
102682
102683
102684
102685
102686
102687
102688
102691
102738
102740
102741
102742
102743
102744
102745
102746
102747
102748
102749
102750
102751
102752
102753
102754
102755
102758
102804
102807
102809
102810
102812
102813
102815
103475
103476
103478
103479
103480
103481
103482
103483
103484
103485
103486
103488
103538
103539
103540
103541
103542
103543
103544
103545
103546
103547
103548
103549
103550
103551
103552
103554
103555
103602
103603
103604
103605
103606
103607
103608
103609
103610
103611
103612
103613
103615
103616
103651
103654
103655
103656
103657
103658
103659
103660
103661
103662
103663
103664
103695
103698
103699
103700
103701
103702
103703
103704
103705
103706
103707
103708
103739
103742
103743
103744
103745
103746
103747
103748
103749
103750
103751
103752
103783
103786
103787
103788
103789
103790
103791
103792
103793
103794
103795
103796
103834
103836
103837
103838
103839
103840
103841
103842
103843
103844
103845
103846
103847
103850
103897
103899
103900
103901
103902
103903
103904
103905
103906
103907
103908
103909
103910
103911
103912
103913
103914
103917
103963
103966
103968
103969
103971
103972
103974
104634
104635
104637
104638
104639
104640
104641
104642
104643
104644
104645
104647
104697
104698
104699
104700
104701
104702
104703
104704
104705
104706
104707
104708
104709
104710
104711
104713
104714
104761
104762
104763
104764
104765
104766
104767
104768
104769
104770
104771
104772
104774
104775
104810
104813
104814
104815
104816
104817
104818
104819
104820
104821
104822
104823
104854
104857
104858
104859
104860
104861
104862
104863
104864
104865
104866
104867
104898
104901
104902
104903
104904
104905
104906
104907
104908
104909
104910
104911
104942
104945
104946
104947
104948
104949
104950
104951
104952
104953
104954
104955
104993
104995
104996
104997
104998
104999
105000
105001
105002
105003
105004
105005
105006
105009
105056
105058
105059
105060
105061
105062
105063
105064
105065
105066
105067
105068
105069
105070
105071
105072
105073
105076
105122
105125
105127
105128
105130
105131
105133
105793
105794
105796
105797
105798
105799
105800
105801
105802
105803
105804
105806
105856
105857
105858
105859
105860
105861
105862
105863
105864
105865
105866
105867
105868
105869
105870
105872
105873
105920
105921
105922
105923
105924
105925
105926
105927
105928
105929
105930
105931
105933
105934
105969
105972
105973
105974
105975
105976
105977
105978
105979
105980
105981
105982
106013
106016
106017
106018
106019
106020
106021
106022
106023
106024
106025
106026
106057
106060
106061
106062
106063
106064
106065
106066
106067
106068
106069
106070
106101
106104
106105
106106
106107
106108
106109
106110
106111
106112
106113
106114
106152
106154
106155
106156
106157
106158
106159
106160
106161
106162
106163
106164
106165
106168
106215
106217
106218
106219
106220
106221
106222
106223
106224
106225
106226
106227
106228
106229
106230
106231
106232
106235
106281
106284
106286
106287
106289
106290
106292
106952
106953
106955
106956
106957
106958
106959
106960
106961
106962
106963
106965
107015
107016
107017
107018
107019
107020
107021
107022
107023
107024
107025
107026
107027
107028
107029
107031
107032
107079
107080
107081
107082
107083
107084
107085
107086
107087
107088
107089
107090
107092
107093
107128
107131
107132
107133
107134
107135
107136
107137
107138
107139
107140
107141
107172
107175
107176
107177
107178
107179
107180
107181
107182
107183
107184
107185
107216
107219
107220
107221
107222
107223
107224
107225
107226
107227
107228
107229
107260
107263
107264
107265
107266
107267
107268
107269
107270
107271
107272
107273
107311
107313
107314
107315
107316
107317
107318
107319
107320
107321
107322
107323
107324
107327
107374
107376
107377
107378
107379
107380
107381
107382
107383
107384
107385
107386
107387
107388
107389
107390
107391
107394
107440
107443
107445
107446
107448
107449
107451
108111
108112
108114
108115
108116
108117
108118
108119
108120
108121
108122
108124
108174
108175
108176
108177
108178
108179
108180
108181
108182
108183
108184
108185
108186
108187
108188
108190
108191
108238
108239
108240
108241
108242
108243
108244
108245
108246
108247
108248
108249
108251
108252
108287
108290
108291
108292
108293
108294
108295
108296
108297
108298
108299
108300
108331
108334
108335
108336
108337
108338
108339
108340
108341
108342
108343
108344
108375
108378
108379
108380
108381
108382
108383
108384
108385
108386
108387
108388
108419
108422
108423
108424
108425
108426
108427
108428
108429
108430
108431
108432
108470
108472
108473
108474
108475
108476
108477
108478
108479
108480
108481
108482
108483
108486
108533
108535
108536
108537
108538
108539
108540
108541
108542
108543
108544
108545
108546
108547
108548
108549
108550
108553
108599
108602
108604
108605
108607
108608
108610
109270
109271
109273
109274
109275
109276
109277
109278
109279
109280
109281
109283
109333
109334
109335
109336
109337
109338
109339
109340
109341
109342
109343
109344
109345
109346
109347
109349
109350
109397
109398
109399
109400
109401
109402
109403
109404
109405
109406
109407
109408
109410
109411
109446
109449
109450
109451
109452
109453
109454
109455
109456
109457
109458
109459
109490
109493
109494
109495
109496
109497
109498
109499
109500
109501
109502
109503
109534
109537
109538
109539
109540
109541
109542
109543
109544
109545
109546
109547
109578
109581
109582
109583
109584
109585
109586
109587
109588
109589
109590
109591
109629
109631
109632
109633
109634
109635
109636
109637
109638
109639
109640
109641
109642
109645
109692
109694
109695
109696
109697
109698
109699
109700
109701
109702
109703
109704
109705
109706
109707
109708
109709
109712
109758
109761
109763
109764
109766
109767
109769
110429
110430
110432
110433
110434
110435
110436
110437
110438
110439
110440
110442
110492
110493
110494
110495
110496
110497
110498
110499
110500
110501
110502
110503
110504
110505
110506
110508
110509
110556
110557
110558
110559
110560
110561
110562
110563
110564
110565
110566
110567
110569
110570
110605
110608
110609
110610
110611
110612
110613
110614
110615
110616
110617
110618
110649
110652
110653
110654
110655
110656
110657
110658
110659
110660
110661
110662
110693
110696
110697
110698
110699
110700
110701
110702
110703
110704
110705
110706
110737
110740
110741
110742
110743
110744
110745
110746
110747
110748
110749
110750
110788
110790
110791
110792
110793
110794
110795
110796
110797
110798
110799
110800
110801
110804
110851
110853
110854
110855
110856
110857
110858
110859
110860
110861
110862
110863
110864
110865
110866
110867
110868
110871
110917
110920
110922
110923
110925
110926
110928
111588
111589
111591
111592
111593
111594
111595
111596
111597
111598
111599
111601
111651
111652
111653
111654
111655
111656
111657
111658
111659
111660
111661
111662
111663
111664
111665
111667
111668
111715
111716
111717
111718
111719
111720
111721
111722
111723
111724
111725
111726
111728
111729
111764
111767
111768
111769
111770
111771
111772
111773
111774
111775
111776
111777
111808
111811
111812
111813
111814
111815
111816
111817
111818
111819
111820
111821
111852
111855
111856
111857
111858
111859
111860
111861
111862
111863
111864
111865
111896
111899
111900
111901
111902
111903
111904
111905
111906
111907
111908
111909
111947
111949
111950
111951
111952
111953
111954
111955
111956
111957
111958
111959
111960
111963
112010
112012
112013
112014
112015
112016
112017
112018
112019
112020
112021
112022
112023
112024
112025
112026
112027
112030
112076
112079
112081
112082
112084
112085
112087
112747
112748
112750
112751
112752
112753
112754
112755
112756
112757
112758
112760
112810
112811
112812
112813
112814
112815
112816
112817
112818
112819
112820
112821
112822
112823
112824
112826
112827
112874
112875
112876
112877
112878
112879
112880
112881
112882
112883
112884
112885
112887
112888
112923
112926
112927
112928
112929
112930
112931
112932
112933
112934
112935
112936
112967
112970
112971
112972
112973
112974
112975
112976
112977
112978
112979
112980
113011
113014
113015
113016
113017
113018
113019
113020
113021
113022
113023
113024
113055
113058
113059
113060
113061
113062
113063
113064
113065
113066
113067
113068
113106
113108
113109
113110
113111
113112
113113
113114
113115
113116
113117
113118
113119
113122
113169
113171
113172
113173
113174
113175
113176
113177
113178
113179
113180
113181
113182
113183
113184
113185
113186
113189
113235
113238
113240
113241
113243
113244
113246
113906
113907
113909
113910
113911
113912
113913
113914
113915
113916
113917
113919
113969
113970
113971
113972
113973
113974
113975
113976
113977
113978
113979
113980
113981
113982
113983
113985
113986
114033
114034
114035
114036
114037
114038
114039
114040
114041
114042
114043
114044
114046
114047
114082
114085
114086
114087
114088
114089
114090
114091
114092
114093
114094
114095
114126
114129
114130
114131
114132
114133
114134
114135
114136
114137
114138
114139
114170
114173
114174
114175
114176
114177
114178
114179
114180
114181
114182
114183
114214
114217
114218
114219
114220
114221
114222
114223
114224
114225
114226
114227
114265
114267
114268
114269
114270
114271
114272
114273
114274
114275
114276
114277
114278
114281
114328
114330
114331
114332
114333
114334
114335
114336
114337
114338
114339
114340
114341
114342
114343
114344
114345
114348
114394
114397
114399
114400
114402
114403
114405
115065
115066
115068
115069
115070
115071
115072
115073
115074
115075
115076
115078
115128
115129
115130
115131
115132
115133
115134
115135
115136
115137
115138
115139
115140
115141
115142
115144
115145
115192
115193
115194
115195
115196
115197
115198
115199
115200
115201
115202
115203
115205
115206
115241
115244
115245
115246
115247
115248
115249
115250
115251
115252
115253
115254
115285
115288
115289
115290
115291
115292
115293
115294
115295
115296
115297
115298
115329
115332
115333
115334
115335
115336
115337
115338
115339
115340
115341
115342
115373
115376
115377
115378
115379
115380
115381
115382
115383
115384
115385
115386
115424
115426
115427
115428
115429
115430
115431
115432
115433
115434
115435
115436
115437
115440
115487
115489
115490
115491
115492
115493
115494
115495
115496
115497
115498
115499
115500
115501
115502
115503
115504
115507
115553
115556
115558
115559
115561
115562
115564
116224
116225
116227
116228
116229
116230
116231
116232
116233
116234
116235
116237
116287
116288
116289
116290
116291
116292
116293
116294
116295
116296
116297
116298
116299
116300
116301
116303
116304
116351
116352
116353
116354
116355
116356
116357
116358
116359
116360
116361
116362
116364
116365
116400
116403
116404
116405
116406
116407
116408
116409
116410
116411
116412
116413
116444
116447
116448
116449
116450
116451
116452
116453
116454
116455
116456
116457
116488
116491
116492
116493
116494
116495
116496
116497
116498
116499
116500
116501
116532
116535
116536
116537
116538
116539
116540
116541
116542
116543
116544
116545
116583
116585
116586
116587
116588
116589
116590
116591
116592
116593
116594
116595
116596
116599
116646
116648
116649
116650
116651
116652
116653
116654
116655
116656
116657
116658
116659
116660
116661
116662
116663
116666
116712
116715
116717
116718
116720
116721
116723
117383
117384
117386
117387
117388
117389
117390
117391
117392
117393
117394
117396
117446
117447
117448
117449
117450
117451
117452
117453
117454
117455
117456
117457
117458
117459
117460
117462
117463
117510
117511
117512
117513
117514
117515
117516
117517
117518
117519
117520
117521
117523
117524
117559
117562
117563
117564
117565
117566
117567
117568
117569
117570
117571
117572
117603
117606
117607
117608
117609
117610
117611
117612
117613
117614
117615
117616
117647
117650
117651
117652
117653
117654
117655
117656
117657
117658
117659
117660
117691
117694
117695
117696
117697
117698
117699
117700
117701
117702
117703
117704
117742
117744
117745
117746
117747
117748
117749
117750
117751
117752
117753
117754
117755
117758
117805
117807
117808
117809
117810
117811
117812
117813
117814
117815
117816
117817
117818
117819
117820
117821
117822
117825
117871
117874
117876
117877
117879
117880
117882
118542
118543
118545
118546
118547
118548
118549
118550
118551
118552
118553
118555
118605
118606
118607
118608
118609
118610
118611
118612
118613
118614
118615
118616
118617
118618
118619
118621
118622
118669
118670
118671
118672
118673
118674
118675
118676
118677
118678
118679
118680
118682
118683
118718
118721
118722
118723
118724
118725
118726
118727
118728
118729
118730
118731
118762
118765
118766
118767
118768
118769
118770
118771
118772
118773
118774
118775
118806
118809
118810
118811
118812
118813
118814
118815
118816
118817
118818
118819
118850
118853
118854
118855
118856
118857
118858
118859
118860
118861
118862
118863
118901
118903
118904
118905
118906
118907
118908
118909
118910
118911
118912
118913
118914
118917
118964
118966
118967
118968
118969
118970
118971
118972
118973
118974
118975
118976
118977
118978
118979
118980
118981
118984
119030
119033
119035
119036
119038
119039
119041
119701
119702
119704
119705
119706
119707
119708
119709
119710
119711
119712
119714
119764
119765
119766
119767
119768
119769
119770
119771
119772
119773
119774
119775
119776
119777
119778
119780
119781
119828
119829
119830
119831
119832
119833
119834
119835
119836
119837
119838
119839
119841
119842
119877
119880
119881
119882
119883
119884
119885
119886
119887
119888
119889
119890
119921
119924
119925
119926
119927
119928
119929
119930
119931
119932
119933
119934
119965
119968
119969
119970
119971
119972
119973
119974
119975
119976
119977
119978
120009
120012
120013
120014
120015
120016
120017
120018
120019
120020
120021
120022
120060
120062
120063
120064
120065
120066
120067
120068
120069
120070
120071
120072
120073
120076
120123
120125
120126
120127
120128
120129
120130
120131
120132
120133
120134
120135
120136
120137
120138
120139
120140
120143
120189
120192
120194
120195
120197
120198
120200
120860
120861
120863
120864
120865
120866
120867
120868
120869
120870
120871
120873
120923
120924
120925
120926
120927
120928
120929
120930
120931
120932
120933
120934
120935
120936
120937
120939
120940
120987
120988
120989
120990
120991
120992
120993
120994
120995
120996
120997
120998
121000
121001
121036
121039
121040
121041
121042
121043
121044
121045
121046
121047
121048
121049
121080
121083
121084
121085
121086
121087
121088
121089
121090
121091
121092
121093
121124
121127
121128
121129
121130
121131
121132
121133
121134
121135
121136
121137
121168
121171
121172
121173
121174
121175
121176
121177
121178
121179
121180
121181
121219
121221
121222
121223
121224
121225
121226
121227
121228
121229
121230
121231
121232
121235
121282
121284
121285
121286
121287
121288
121289
121290
121291
121292
121293
121294
121295
121296
121297
121298
121299
121302
121348
121351
121353
121354
121356
121357
121359
122019
122020
122022
122023
122024
122025
122026
122027
122028
122029
122030
122032
122082
122083
122084
122085
122086
122087
122088
122089
122090
122091
122092
122093
122094
122095
122096
122098
122099
122146
122147
122148
122149
122150
122151
122152
122153
122154
122155
122156
122157
122159
122160
122195
122198
122199
122200
122201
122202
122203
122204
122205
122206
122207
122208
122239
122242
122243
122244
122245
122246
122247
122248
122249
122250
122251
122252
122283
122286
122287
122288
122289
122290
122291
122292
122293
122294
122295
122296
122327
122330
122331
122332
122333
122334
122335
122336
122337
122338
122339
122340
122378
122380
122381
122382
122383
122384
122385
122386
122387
122388
122389
122390
122391
122394
122441
122443
122444
122445
122446
122447
122448
122449
122450
122451
122452
122453
122454
122455
122456
122457
122458
122461
122507
122510
122512
122513
122515
122516
122518
123178
123179
123181
123182
123183
123184
123185
123186
123187
123188
123189
123191
123241
123242
123243
123244
123245
123246
123247
123248
123249
123250
123251
123252
123253
123254
123255
123257
123258
123305
123306
123307
123308
123309
123310
123311
123312
123313
123314
123315
123316
123318
123319
123354
123357
123358
123359
123360
123361
123362
123363
123364
123365
123366
123367
123398
123401
123402
123403
123404
123405
123406
123407
123408
123409
123410
123411
123442
123445
123446
123447
123448
123449
123450
123451
123452
123453
123454
123455
123486
123489
123490
123491
123492
123493
123494
123495
123496
123497
123498
123499
123537
123539
123540
123541
123542
123543
123544
123545
123546
123547
123548
123549
123550
123553
123600
123602
123603
123604
123605
123606
123607
123608
123609
123610
123611
123612
123613
123614
123615
123616
123617
123620
123666
123669
123671
123672
123674
123675
123677
124337
124338
124340
124341
124342
124343
124344
124345
124346
124347
124348
124350
124400
124401
124402
124403
124404
124405
124406
124407
124408
124409
124410
124411
124412
124413
124414
124416
124417
124464
124465
124466
124467
124468
124469
124470
124471
124472
124473
124474
124475
124477
124478
124513
124516
124517
124518
124519
124520
124521
124522
124523
124524
124525
124526
124557
124560
124561
124562
124563
124564
124565
124566
124567
124568
124569
124570
124601
124604
124605
124606
124607
124608
124609
124610
124611
124612
124613
124614
124645
124648
124649
124650
124651
124652
124653
124654
124655
124656
124657
124658
124696
124698
124699
124700
124701
124702
124703
124704
124705
124706
124707
124708
124709
124712
124759
124761
124762
124763
124764
124765
124766
124767
124768
124769
124770
124771
124772
124773
124774
124775
124776
124779
124825
124828
124830
124831
124833
124834
124836
125496
125497
125499
125500
125501
125502
125503
125504
125505
125506
125507
125509
125559
125560
125561
125562
125563
125564
125565
125566
125567
125568
125569
125570
125571
125572
125573
125575
125576
125623
125624
125625
125626
125627
125628
125629
125630
125631
125632
125633
125634
125636
125637
125672
125675
125676
125677
125678
125679
125680
125681
125682
125683
125684
125685
125716
125719
125720
125721
125722
125723
125724
125725
125726
125727
125728
125729
125760
125763
125764
125765
125766
125767
125768
125769
125770
125771
125772
125773
125804
125807
125808
125809
125810
125811
125812
125813
125814
125815
125816
125817
125855
125857
125858
125859
125860
125861
125862
125863
125864
125865
125866
125867
125868
125871
125918
125920
125921
125922
125923
125924
125925
125926
125927
125928
125929
125930
125931
125932
125933
125934
125935
125938
125984
125987
125989
125990
125992
125993
125995
126655
126656
126658
126659
126660
126661
126662
126663
126664
126665
126666
126668
126718
126719
126720
126721
126722
126723
126724
126725
126726
126727
126728
126729
126730
126731
126732
126734
126735
126782
126783
126784
126785
126786
126787
126788
126789
126790
126791
126792
126793
126795
126796
126831
126834
126835
126836
126837
126838
126839
126840
126841
126842
126843
126844
126875
126878
126879
126880
126881
126882
126883
126884
126885
126886
126887
126888
126919
126922
126923
126924
126925
126926
126927
126928
126929
126930
126931
126932
126963
126966
126967
126968
126969
126970
126971
126972
126973
126974
126975
126976
127014
127016
127017
127018
127019
127020
127021
127022
127023
127024
127025
127026
127027
127030
127077
127079
127080
127081
127082
127083
127084
127085
127086
127087
127088
127089
127090
127091
127092
127093
127094
127097
127143
127146
127148
127149
127151
127152
127154
127814
127815
127817
127818
127819
127820
127821
127822
127823
127824
127825
127827
127877
127878
127879
127880
127881
127882
127883
127884
127885
127886
127887
127888
127889
127890
127891
127893
127894
127941
127942
127943
127944
127945
127946
127947
127948
127949
127950
127951
127952
127954
127955
127990
127993
127994
127995
127996
127997
127998
127999
128000
128001
128002
128003
128034
128037
128038
128039
128040
128041
128042
128043
128044
128045
128046
128047
128078
128081
128082
128083
128084
128085
128086
128087
128088
128089
128090
128091
128122
128125
128126
128127
128128
128129
128130
128131
128132
128133
128134
128135
128173
128175
128176
128177
128178
128179
128180
128181
128182
128183
128184
128185
128186
128189
128236
128238
128239
128240
128241
128242
128243
128244
128245
128246
128247
128248
128249
128250
128251
128252
128253
128256
128302
128305
128307
128308
128310
128311
128313
128973
128974
128976
128977
128978
128979
128980
128981
128982
128983
128984
128986
129039
129040
129041
129042
129043
129044
129045
129046
129047
129048
129049
129050
129051
129052
129053
129054
129055
129056
129058
129059
129121
129122
129123
129124
129125
129126
129127
129128
129129
129130
129131
129132
129133
129134
129135
129136
129137
129138
129139
129140
129141
129142
129143
129144
129146
129147
129210
129213
129214
129215
129216
129217
129218
129219
129220
129221
129222
129223
129224
129225
129226
129227
129228
129229
129230
129231
129232
129233
129234
129235
129236
129237
129238
129239
129302
129305
129306
129307
129308
129309
129310
129311
129312
129313
129314
129315
129316
129317
129318
129319
129320
129321
129322
129323
129324
129325
129326
129327
129328
129329
129330
129331
129394
129397
129398
129399
129400
129401
129402
129403
129404
129405
129406
129407
129408
129409
129410
129411
129412
129413
129414
129415
129416
129417
129418
129419
129420
129421
129422
129423
129486
129489
129490
129491
129492
129493
129494
129495
129496
129497
129498
129499
129500
129501
129502
129503
129504
129505
129506
129507
129508
129509
129510
129511
129512
129513
129514
129515
129579
129581
129582
129583
129584
129585
129586
129587
129588
129589
129590
129591
129592
129593
129594
129595
129596
129597
129598
129599
129600
129601
129602
129605
129662
129664
129665
129666
129667
129668
129669
129670
129671
129672
129673
129674
129675
129676
129677
129678
129679
129682
129728
129731
129733
129734
129736
129737
129739
130646
130647
130648
130664
130665
130666
130667
130668
130669
130670
130671
130672
130673
130674
130675
130706
130707
130708
130709
130710
130711
130712
130713
130714
130715
130716
130717
130718
130719
130720
130721
130722
130723
130764
130765
130766
130767
130768
130769
130770
130771
130772
130773
130774
130775
130776
130777
130778
130779
130780
130781
130782
130783
130784
130785
130830
130831
130832
130833
130834
130835
130836
130837
130838
130839
130840
130841
130842
130843
130844
130845
130846
130847
130848
130849
130850
130851
130890
130891
130892
130893
130894
130895
130896
130897
130898
130899
130900
130901
130902
130903
130904
130905
130932
130933
130934
130935
130936
130937
130938
130939
130940
130941
131837
131840
131843
131846
131887
131888
131889
131890
131891
131892
131893
131894
131895
131896
131897
131898
131899
131900
131901
131903
131904
131945
131946
131947
131948
131949
131950
131951
131952
131953
131954
131956
131957
131989
131990
131992
131993
131994
131995
131996
131997
131998
132000
132029
132030
132031
132032
132033
132034
132035
132036
132037
132038
132040
132041
132069
132070
132071
132072
132073
132074
132075
132076
132077
132078
132080
132081
132109
132110
132111
132112
132113
132114
132115
132116
132117
132118
132120
132121
132151
132154
132155
132156
132157
132158
132159
132160
132161
132162
132200
132202
132203
132204
132205
132206
132207
132208
132209
132210
132211
132212
132213
132216
132255
132257
132258
132259
132260
132261
132262
132263
132264
132265
132266
132267
132268
132269
132272
132834
132837
132840
132843
132884
132885
132886
132887
132888
132889
132890
132891
132892
132893
132894
132895
132896
132897
132898
132900
132901
132942
132943
132944
132945
132946
132947
132948
132949
132950
132951
132953
132954
132986
132987
132989
132990
132991
132992
132993
132994
132995
132997
133026
133027
133028
133029
133030
133031
133032
133033
133034
133035
133037
133038
133066
133067
133068
133069
133070
133071
133072
133073
133074
133075
133077
133078
133106
133107
133108
133109
133110
133111
133112
133113
133114
133115
133117
133118
133148
133151
133152
133153
133154
133155
133156
133157
133158
133159
133197
133199
133200
133201
133202
133203
133204
133205
133206
133207
133208
133209
133210
133213
133252
133254
133255
133256
133257
133258
133259
133260
133261
133262
133263
133264
133265
133266
133269
133831
133834
133837
133840
133881
133882
133883
133884
133885
133886
133887
133888
133889
133890
133891
133892
133893
133894
133895
133897
133898
133939
133940
133941
133942
133943
133944
133945
133946
133947
133948
133950
133951
133983
133984
133986
133987
133988
133989
133990
133991
133992
133994
134023
134024
134025
134026
134027
134028
134029
134030
134031
134032
134034
134035
134063
134064
134065
134066
134067
134068
134069
134070
134071
134072
134074
134075
134103
134104
134105
134106
134107
134108
134109
134110
134111
134112
134114
134115
134145
134148
134149
134150
134151
134152
134153
134154
134155
134156
134194
134196
134197
134198
134199
134200
134201
134202
134203
134204
134205
134206
134207
134210
134249
134251
134252
134253
134254
134255
134256
134257
134258
134259
134260
134261
134262
134263
134266
134828
134831
134834
134837
134878
134879
134880
134881
134882
134883
134884
134885
134886
134887
134888
134889
134890
134891
134892
134894
134895
134936
134937
134938
134939
134940
134941
134942
134943
134944
134945
134947
134948
134980
134981
134983
134984
134985
134986
134987
134988
134989
134991
135020
135021
135022
135023
135024
135025
135026
135027
135028
135029
135031
135032
135060
135061
135062
135063
135064
135065
135066
135067
135068
135069
135071
135072
135100
135101
135102
135103
135104
135105
135106
135107
135108
135109
135111
135112
135142
135145
135146
135147
135148
135149
135150
135151
135152
135153
135191
135193
135194
135195
135196
135197
135198
135199
135200
135201
135202
135203
135204
135207
135246
135248
135249
135250
135251
135252
135253
135254
135255
135256
135257
135258
135259
135260
135263
135825
135828
135831
135834
135875
135876
135877
135878
135879
135880
135881
135882
135883
135884
135885
135886
135887
135888
135889
135891
135892
135933
135934
135935
135936
135937
135938
135939
135940
135941
135942
135944
135945
135977
135978
135980
135981
135982
135983
135984
135985
135986
135988
136017
136018
136019
136020
136021
136022
136023
136024
136025
136026
136028
136029
136057
136058
136059
136060
136061
136062
136063
136064
136065
136066
136068
136069
136097
136098
136099
136100
136101
136102
136103
136104
136105
136106
136108
136109
136139
136142
136143
136144
136145
136146
136147
136148
136149
136150
136188
136190
136191
136192
136193
136194
136195
136196
136197
136198
136199
136200
136201
136204
136243
136245
136246
136247
136248
136249
136250
136251
136252
136253
136254
136255
136256
136257
136260
136822
136825
136828
136831
136872
136873
136874
136875
136876
136877
136878
136879
136880
136881
136882
136883
136884
136885
136886
136888
136889
136930
136931
136932
136933
136934
136935
136936
136937
136938
136939
136941
136942
136974
136975
136977
136978
136979
136980
136981
136982
136983
136985
137014
137015
137016
137017
137018
137019
137020
137021
137022
137023
137025
137026
137054
137055
137056
137057
137058
137059
137060
137061
137062
137063
137065
137066
137094
137095
137096
137097
137098
137099
137100
137101
137102
137103
137105
137106
137136
137139
137140
137141
137142
137143
137144
137145
137146
137147
137185
137187
137188
137189
137190
137191
137192
137193
137194
137195
137196
137197
137198
137201
137240
137242
137243
137244
137245
137246
137247
137248
137249
137250
137251
137252
137253
137254
137257
137819
137822
137825
137828
137869
137870
137871
137872
137873
137874
137875
137876
137877
137878
137879
137880
137881
137882
137883
137885
137886
137927
137928
137929
137930
137931
137932
137933
137934
137935
137936
137938
137939
137971
137972
137974
137975
137976
137977
137978
137979
137980
137982
138011
138012
138013
138014
138015
138016
138017
138018
138019
138020
138022
138023
138051
138052
138053
138054
138055
138056
138057
138058
138059
138060
138062
138063
138091
138092
138093
138094
138095
138096
138097
138098
138099
138100
138102
138103
138133
138136
138137
138138
138139
138140
138141
138142
138143
138144
138182
138184
138185
138186
138187
138188
138189
138190
138191
138192
138193
138194
138195
138198
138237
138239
138240
138241
138242
138243
138244
138245
138246
138247
138248
138249
138250
138251
138254
138816
138819
138822
138825
138866
138867
138868
138869
138870
138871
138872
138873
138874
138875
138876
138877
138878
138879
138880
138882
138883
138924
138925
138926
138927
138928
138929
138930
138931
138932
138933
138935
138936
138968
138969
138971
138972
138973
138974
138975
138976
138977
138979
139008
139009
139010
139011
139012
139013
139014
139015
139016
139017
139019
139020
139048
139049
139050
139051
139052
139053
139054
139055
139056
139057
139059
139060
139088
139089
139090
139091
139092
139093
139094
139095
139096
139097
139099
139100
139130
139133
139134
139135
139136
139137
139138
139139
139140
139141
139179
139181
139182
139183
139184
139185
139186
139187
139188
139189
139190
139191
139192
139195
139234
139236
139237
139238
139239
139240
139241
139242
139243
139244
139245
139246
139247
139248
139251
139813
139816
139819
139822
139863
139864
139865
139866
139867
139868
139869
139870
139871
139872
139873
139874
139875
139876
139877
139879
139880
139921
139922
139923
139924
139925
139926
139927
139928
139929
139930
139932
139933
139965
139966
139968
139969
139970
139971
139972
139973
139974
139976
140005
140006
140007
140008
140009
140010
140011
140012
140013
140014
140016
140017
140045
140046
140047
140048
140049
140050
140051
140052
140053
140054
140056
140057
140085
140086
140087
140088
140089
140090
140091
140092
140093
140094
140096
140097
140127
140130
140131
140132
140133
140134
140135
140136
140137
140138
140176
140178
140179
140180
140181
140182
140183
140184
140185
140186
140187
140188
140189
140192
140231
140233
140234
140235
140236
140237
140238
140239
140240
140241
140242
140243
140244
140245
140248
140810
140813
140816
140819
140860
140861
140862
140863
140864
140865
140866
140867
140868
140869
140870
140871
140872
140873
140874
140876
140877
140918
140919
140920
140921
140922
140923
140924
140925
140926
140927
140929
140930
140962
140963
140965
140966
140967
140968
140969
140970
140971
140973
141002
141003
141004
141005
141006
141007
141008
141009
141010
141011
141013
141014
141042
141043
141044
141045
141046
141047
141048
141049
141050
141051
141053
141054
141082
141083
141084
141085
141086
141087
141088
141089
141090
141091
141093
141094
141124
141127
141128
141129
141130
141131
141132
141133
141134
141135
141173
141175
141176
141177
141178
141179
141180
141181
141182
141183
141184
141185
141186
141189
141228
141230
141231
141232
141233
141234
141235
141236
141237
141238
141239
141240
141241
141242
141245
141807
141810
141813
141816
141857
141858
141859
141860
141861
141862
141863
141864
141865
141866
141867
141868
141869
141870
141871
141873
141874
141915
141916
141917
141918
141919
141920
141921
141922
141923
141924
141926
141927
141959
141960
141962
141963
141964
141965
141966
141967
141968
141970
141999
142000
142001
142002
142003
142004
142005
142006
142007
142008
142010
142011
142039
142040
142041
142042
142043
142044
142045
142046
142047
142048
142050
142051
142079
142080
142081
142082
142083
142084
142085
142086
142087
142088
142090
142091
142121
142124
142125
142126
142127
142128
142129
142130
142131
142132
142170
142172
142173
142174
142175
142176
142177
142178
142179
142180
142181
142182
142183
142186
142225
142227
142228
142229
142230
142231
142232
142233
142234
142235
142236
142237
142238
142239
142242
142804
142807
142810
142813
142854
142855
142856
142857
142858
142859
142860
142861
142862
142863
142864
142865
142866
142867
142868
142870
142871
142912
142913
142914
142915
142916
142917
142918
142919
142920
142921
142923
142924
142956
142957
142959
142960
142961
142962
142963
142964
142965
142967
142996
142997
142998
142999
143000
143001
143002
143003
143004
143005
143007
143008
143036
143037
143038
143039
143040
143041
143042
143043
143044
143045
143047
143048
143076
143077
143078
143079
143080
143081
143082
143083
143084
143085
143087
143088
143118
143121
143122
143123
143124
143125
143126
143127
143128
143129
143167
143169
143170
143171
143172
143173
143174
143175
143176
143177
143178
143179
143180
143183
143222
143224
143225
143226
143227
143228
143229
143230
143231
143232
143233
143234
143235
143236
143239
143801
143804
143807
143810
143851
143852
143853
143854
143855
143856
143857
143858
143859
143860
143861
143862
143863
143864
143865
143867
143868
143909
143910
143911
143912
143913
143914
143915
143916
143917
143918
143920
143921
143953
143954
143956
143957
143958
143959
143960
143961
143962
143964
143993
143994
143995
143996
143997
143998
143999
144000
144001
144002
144004
144005
144033
144034
144035
144036
144037
144038
144039
144040
144041
144042
144044
144045
144073
144074
144075
144076
144077
144078
144079
144080
144081
144082
144084
144085
144115
144118
144119
144120
144121
144122
144123
144124
144125
144126
144164
144166
144167
144168
144169
144170
144171
144172
144173
144174
144175
144176
144177
144180
144219
144221
144222
144223
144224
144225
144226
144227
144228
144229
144230
144231
144232
144233
144236
144798
144801
144804
144807
144848
144849
144850
144851
144852
144853
144854
144855
144856
144857
144858
144859
144860
144861
144862
144864
144865
144906
144907
144908
144909
144910
144911
144912
144913
144914
144915
144917
144918
144950
144951
144953
144954
144955
144956
144957
144958
144959
144961
144990
144991
144992
144993
144994
144995
144996
144997
144998
144999
145001
145002
145030
145031
145032
145033
145034
145035
145036
145037
145038
145039
145041
145042
145070
145071
145072
145073
145074
145075
145076
145077
145078
145079
145081
145082
145112
145115
145116
145117
145118
145119
145120
145121
145122
145123
145161
145163
145164
145165
145166
145167
145168
145169
145170
145171
145172
145173
145174
145177
145216
145218
145219
145220
145221
145222
145223
145224
145225
145226
145227
145228
145229
145230
145233
145795
145798
145801
145804
145845
145846
145847
145848
145849
145850
145851
145852
145853
145854
145855
145856
145857
145858
145859
145861
145862
145903
145904
145905
145906
145907
145908
145909
145910
145911
145912
145914
145915
145947
145948
145950
145951
145952
145953
145954
145955
145956
145958
145987
145988
145989
145990
145991
145992
145993
145994
145995
145996
145998
145999
146027
146028
146029
146030
146031
146032
146033
146034
146035
146036
146038
146039
146067
146068
146069
146070
146071
146072
146073
146074
146075
146076
146078
146079
146109
146112
146113
146114
146115
146116
146117
146118
146119
146120
146158
146160
146161
146162
146163
146164
146165
146166
146167
146168
146169
146170
146171
146174
146213
146215
146216
146217
146218
146219
146220
146221
146222
146223
146224
146225
146226
146227
146230
146792
146795
146798
146801
146842
146843
146844
146845
146846
146847
146848
146849
146850
146851
146852
146853
146854
146855
146856
146858
146859
146900
146901
146902
146903
146904
146905
146906
146907
146908
146909
146911
146912
146944
146945
146947
146948
146949
146950
146951
146952
146953
146955
146984
146985
146986
146987
146988
146989
146990
146991
146992
146993
146995
146996
147024
147025
147026
147027
147028
147029
147030
147031
147032
147033
147035
147036
147064
147065
147066
147067
147068
147069
147070
147071
147072
147073
147075
147076
147106
147109
147110
147111
147112
147113
147114
147115
147116
147117
147155
147157
147158
147159
147160
147161
147162
147163
147164
147165
147166
147167
147168
147171
147210
147212
147213
147214
147215
147216
147217
147218
147219
147220
147221
147222
147223
147224
147227
147789
147792
147795
147798
147839
147840
147841
147842
147843
147844
147845
147846
147847
147848
147849
147850
147851
147852
147853
147855
147856
147897
147898
147899
147900
147901
147902
147903
147904
147905
147906
147908
147909
147941
147942
147944
147945
147946
147947
147948
147949
147950
147952
147981
147982
147983
147984
147985
147986
147987
147988
147989
147990
147992
147993
148021
148022
148023
148024
148025
148026
148027
148028
148029
148030
148032
148033
148061
148062
148063
148064
148065
148066
148067
148068
148069
148070
148072
148073
148103
148106
148107
148108
148109
148110
148111
148112
148113
148114
148152
148154
148155
148156
148157
148158
148159
148160
148161
148162
148163
148164
148165
148168
148207
148209
148210
148211
148212
148213
148214
148215
148216
148217
148218
148219
148220
148221
148224
148786
148789
148792
148795
148836
148837
148838
148839
148840
148841
148842
148843
148844
148845
148846
148847
148848
148849
148850
148852
148853
148894
148895
148896
148897
148898
148899
148900
148901
148902
148903
148905
148906
148938
148939
148941
148942
148943
148944
148945
148946
148947
148949
148978
148979
148980
148981
148982
148983
148984
148985
148986
148987
148989
148990
149018
149019
149020
149021
149022
149023
149024
149025
149026
149027
149029
149030
149058
149059
149060
149061
149062
149063
149064
149065
149066
149067
149069
149070
149100
149103
149104
149105
149106
149107
149108
149109
149110
149111
149149
149151
149152
149153
149154
149155
149156
149157
149158
149159
149160
149161
149162
149165
149204
149206
149207
149208
149209
149210
149211
149212
149213
149214
149215
149216
149217
149218
149221
149783
149786
149789
149792
149833
149834
149835
149836
149837
149838
149839
149840
149841
149842
149843
149844
149845
149846
149847
149849
149850
149891
149892
149893
149894
149895
149896
149897
149898
149899
149900
149902
149903
149935
149936
149938
149939
149940
149941
149942
149943
149944
149946
149975
149976
149977
149978
149979
149980
149981
149982
149983
149984
149986
149987
150015
150016
150017
150018
150019
150020
150021
150022
150023
150024
150026
150027
150055
150056
150057
150058
150059
150060
150061
150062
150063
150064
150066
150067
150097
150100
150101
150102
150103
150104
150105
150106
150107
150108
150146
150148
150149
150150
150151
150152
150153
150154
150155
150156
150157
150158
150159
150162
150201
150203
150204
150205
150206
150207
150208
150209
150210
150211
150212
150213
150214
150215
150218
150780
150783
150786
150789
150830
150831
150832
150833
150834
150835
150836
150837
150838
150839
150840
150841
150842
150843
150844
150846
150847
150888
150889
150890
150891
150892
150893
150894
150895
150896
150897
150899
150900
150932
150933
150935
150936
150937
150938
150939
150940
150941
150943
150972
150973
150974
150975
150976
150977
150978
150979
150980
150981
150983
150984
151012
151013
151014
151015
151016
151017
151018
151019
151020
151021
151023
151024
151052
151053
151054
151055
151056
151057
151058
151059
151060
151061
151063
151064
151094
151097
151098
151099
151100
151101
151102
151103
151104
151105
151143
151145
151146
151147
151148
151149
151150
151151
151152
151153
151154
151155
151156
151159
151198
151200
151201
151202
151203
151204
151205
151206
151207
151208
151209
151210
151211
151212
151215
151777
151780
151783
151786
151827
151828
151829
151830
151831
151832
151833
151834
151835
151836
151837
151838
151839
151840
151841
151843
151844
151885
151886
151887
151888
151889
151890
151891
151892
151893
151894
151896
151897
151929
151930
151932
151933
151934
151935
151936
151937
151938
151940
151969
151970
151971
151972
151973
151974
151975
151976
151977
151978
151980
151981
152009
152010
152011
152012
152013
152014
152015
152016
152017
152018
152020
152021
152049
152050
152051
152052
152053
152054
152055
152056
152057
152058
152060
152061
152091
152094
152095
152096
152097
152098
152099
152100
152101
152102
152140
152142
152143
152144
152145
152146
152147
152148
152149
152150
152151
152152
152153
152156
152195
152197
152198
152199
152200
152201
152202
152203
152204
152205
152206
152207
152208
152209
152212
152774
152777
152780
152783
152824
152825
152826
152827
152828
152829
152830
152831
152832
152833
152834
152835
152836
152837
152838
152840
152841
152882
152883
152884
152885
152886
152887
152888
152889
152890
152891
152893
152894
152926
152927
152929
152930
152931
152932
152933
152934
152935
152937
152966
152967
152968
152969
152970
152971
152972
152973
152974
152975
152977
152978
153006
153007
153008
153009
153010
153011
153012
153013
153014
153015
153017
153018
153046
153047
153048
153049
153050
153051
153052
153053
153054
153055
153057
153058
153088
153091
153092
153093
153094
153095
153096
153097
153098
153099
153137
153139
153140
153141
153142
153143
153144
153145
153146
153147
153148
153149
153150
153153
153192
153194
153195
153196
153197
153198
153199
153200
153201
153202
153203
153204
153205
153206
153209
153771
153774
153777
153780
153821
153822
153823
153824
153825
153826
153827
153828
153829
153830
153831
153832
153833
153834
153835
153837
153838
153879
153880
153881
153882
153883
153884
153885
153886
153887
153888
153890
153891
153923
153924
153926
153927
153928
153929
153930
153931
153932
153934
153963
153964
153965
153966
153967
153968
153969
153970
153971
153972
153974
153975
154003
154004
154005
154006
154007
154008
154009
154010
154011
154012
154014
154015
154043
154044
154045
154046
154047
154048
154049
154050
154051
154052
154054
154055
154085
154088
154089
154090
154091
154092
154093
154094
154095
154096
154134
154136
154137
154138
154139
154140
154141
154142
154143
154144
154145
154146
154147
154150
154189
154191
154192
154193
154194
154195
154196
154197
154198
154199
154200
154201
154202
154203
154206
154768
154771
154774
154777
154818
154819
154820
154821
154822
154823
154824
154825
154826
154827
154828
154829
154830
154831
154832
154834
154835
154876
154877
154878
154879
154880
154881
154882
154883
154884
154885
154887
154888
154920
154921
154923
154924
154925
154926
154927
154928
154929
154931
154960
154961
154962
154963
154964
154965
154966
154967
154968
154969
154971
154972
155000
155001
155002
155003
155004
155005
155006
155007
155008
155009
155011
155012
155040
155041
155042
155043
155044
155045
155046
155047
155048
155049
155051
155052
155082
155085
155086
155087
155088
155089
155090
155091
155092
155093
155131
155133
155134
155135
155136
155137
155138
155139
155140
155141
155142
155143
155144
155147
155186
155188
155189
155190
155191
155192
155193
155194
155195
155196
155197
155198
155199
155200
155203
155765
155768
155771
155774
155815
155816
155817
155818
155819
155820
155821
155822
155823
155824
155825
155826
155827
155828
155829
155831
155832
155873
155874
155875
155876
155877
155878
155879
155880
155881
155882
155884
155885
155917
155918
155920
155921
155922
155923
155924
155925
155926
155928
155957
155958
155959
155960
155961
155962
155963
155964
155965
155966
155968
155969
155997
155998
155999
156000
156001
156002
156003
156004
156005
156006
156008
156009
156037
156038
156039
156040
156041
156042
156043
156044
156045
156046
156048
156049
156079
156082
156083
156084
156085
156086
156087
156088
156089
156090
156128
156130
156131
156132
156133
156134
156135
156136
156137
156138
156139
156140
156141
156144
156183
156185
156186
156187
156188
156189
156190
156191
156192
156193
156194
156195
156196
156197
156200
156762
156765
156768
156771
156812
156813
156814
156815
156816
156817
156818
156819
156820
156821
156822
156823
156824
156825
156826
156828
156829
156870
156871
156872
156873
156874
156875
156876
156877
156878
156879
156881
156882
156914
156915
156917
156918
156919
156920
156921
156922
156923
156925
156954
156955
156956
156957
156958
156959
156960
156961
156962
156963
156965
156966
156994
156995
156996
156997
156998
156999
157000
157001
157002
157003
157005
157006
157034
157035
157036
157037
157038
157039
157040
157041
157042
157043
157045
157046
157076
157079
157080
157081
157082
157083
157084
157085
157086
157087
157125
157127
157128
157129
157130
157131
157132
157133
157134
157135
157136
157137
157138
157141
157180
157182
157183
157184
157185
157186
157187
157188
157189
157190
157191
157192
157193
157194
157197
157759
157762
157765
157768
157809
157810
157811
157812
157813
157814
157815
157816
157817
157818
157819
157820
157821
157822
157823
157825
157826
157867
157868
157869
157870
157871
157872
157873
157874
157875
157876
157878
157879
157911
157912
157914
157915
157916
157917
157918
157919
157920
157922
157951
157952
157953
157954
157955
157956
157957
157958
157959
157960
157962
157963
157991
157992
157993
157994
157995
157996
157997
157998
157999
158000
158002
158003
158031
158032
158033
158034
158035
158036
158037
158038
158039
158040
158042
158043
158073
158076
158077
158078
158079
158080
158081
158082
158083
158084
158122
158124
158125
158126
158127
158128
158129
158130
158131
158132
158133
158134
158135
158138
158177
158179
158180
158181
158182
158183
158184
158185
158186
158187
158188
158189
158190
158191
158194
158756
158759
158762
158765
158806
158807
158808
158809
158810
158811
158812
158813
158814
158815
158816
158817
158818
158819
158820
158822
158823
158864
158865
158866
158867
158868
158869
158870
158871
158872
158873
158875
158876
158908
158909
158911
158912
158913
158914
158915
158916
158917
158919
158948
158949
158950
158951
158952
158953
158954
158955
158956
158957
158959
158960
158988
158989
158990
158991
158992
158993
158994
158995
158996
158997
158999
159000
159028
159029
159030
159031
159032
159033
159034
159035
159036
159037
159039
159040
159070
159073
159074
159075
159076
159077
159078
159079
159080
159081
159119
159121
159122
159123
159124
159125
159126
159127
159128
159129
159130
159131
159132
159135
159174
159176
159177
159178
159179
159180
159181
159182
159183
159184
159185
159186
159187
159188
159191
159753
159756
159759
159762
159803
159804
159805
159806
159807
159808
159809
159810
159811
159812
159813
159814
159815
159816
159817
159819
159820
159861
159862
159863
159864
159865
159866
159867
159868
159869
159870
159872
159873
159905
159906
159908
159909
159910
159911
159912
159913
159914
159916
159945
159946
159947
159948
159949
159950
159951
159952
159953
159954
159956
159957
159985
159986
159987
159988
159989
159990
159991
159992
159993
159994
159996
159997
160025
160026
160027
160028
160029
160030
160031
160032
160033
160034
160036
160037
160067
160070
160071
160072
160073
160074
160075
160076
160077
160078
160116
160118
160119
160120
160121
160122
160123
160124
160125
160126
160127
160128
160129
160132
160171
160173
160174
160175
160176
160177
160178
160179
160180
160181
160182
160183
160184
160185
160188
160750
160753
160756
160759
160800
160801
160802
160803
160804
160805
160806
160807
160808
160809
160810
160811
160812
160813
160814
160816
160817
160858
160859
160860
160861
160862
160863
160864
160865
160866
160867
160869
160870
160902
160903
160905
160906
160907
160908
160909
160910
160911
160913
160942
160943
160944
160945
160946
160947
160948
160949
160950
160951
160953
160954
160982
160983
160984
160985
160986
160987
160988
160989
160990
160991
160993
160994
161022
161023
161024
161025
161026
161027
161028
161029
161030
161031
161033
161034
161064
161067
161068
161069
161070
161071
161072
161073
161074
161075
161113
161115
161116
161117
161118
161119
161120
161121
161122
161123
161124
161125
161126
161129
161168
161170
161171
161172
161173
161174
161175
161176
161177
161178
161179
161180
161181
161182
161185
161747
161750
161753
161756
161797
161798
161799
161800
161801
161802
161803
161804
161805
161806
161807
161808
161809
161810
161811
161813
161814
161859
161860
161861
161862
161863
161864
161865
161866
161867
161868
161869
161870
161871
161872
161874
161875
161917
161918
161920
161921
161922
161923
161924
161925
161926
161927
161928
161929
161930
161931
161932
161934
161975
161976
161977
161978
161979
161980
161981
161982
161983
161984
161985
161986
161987
161988
161989
161990
161992
161993
162033
162034
162035
162036
162037
162038
162039
162040
162041
162042
162043
162044
162045
162046
162047
162048
162050
162051
162091
162092
162093
162094
162095
162096
162097
162098
162099
162100
162101
162102
162103
162104
162105
162106
162108
162109
162151
162154
162155
162156
162157
162158
162159
162160
162161
162162
162163
162164
162165
162166
162167
162168
162216
162218
162219
162220
162221
162222
162223
162224
162225
162226
162227
162228
162229
162230
162231
162232
162233
162236
162279
162281
162282
162283
162284
162285
162286
162287
162288
162289
162290
162291
162292
162293
162296
162972
162975
162978
162981
163016
163017
163018
163019
163020
163021
163022
163023
163024
163025
163027
163069
163070
163071
163072
163073
163074
163075
163076
163077
163078
163079
163080
163081
163082
163083
163084
163085
163086
163088
163140
163141
163142
163143
163144
163145
163146
163147
163148
163149
163150
163151
163152
163153
163154
163155
163156
163157
163158
163159
163160
163161
163162
163163
163165
163221
163222
163223
163224
163225
163226
163227
163228
163229
163230
163231
163232
163233
163234
163235
163236
163237
163238
163239
163240
163241
163242
163243
163244
163245
163246
163248
163306
163307
163308
163309
163310
163311
163312
163313
163314
163315
163316
163317
163318
163319
163320
163321
163322
163323
163324
163325
163326
163327
163328
163329
163330
163331
163333
163391
163392
163393
163394
163395
163396
163397
163398
163399
163400
163401
163402
163403
163404
163405
163406
163407
163408
163409
163410
163411
163412
163413
163414
163415
163416
163418
163474
163476
163477
163478
163479
163480
163481
163482
163483
163484
163485
163486
163487
163488
163489
163490
163491
163492
163493
163494
163495
163496
163497
163548
163550
163551
163552
163553
163554
163555
163556
163557
163558
163559
163560
163561
163562
163563
163564
163565
163603
163605
163606
163607
163608
163609
163610
163611
163612
164385
164386
164388
164389
164391
164392
164394
164424
164425
164427
164428
164430
164431
164433
164434
164436
164437
164439
164481
164482
164484
164485
164487
164488
164490
164491
164493
164494
164496
164497
164499
164500
164502
164550
164551
164553
164554
164556
164557
164559
164560
164562
164563
164565
164566
164568
164569
164571
164617
164619
164620
164622
164623
164625
164626
164628
164629
164631
164632
164634
164635
164674
164676
164677
164679
164680
164682
164683
164685
164686
164711
164713
164715
165220
165221
165222
165229
165230
165231
165232
165233
165234
165235
165243
165244
165245
165246
165252
165253
165259
165260
165266
165267
165273
165274
165279
165280
165281
165282
165287
165288
165289
165290
165291
165292
165293
165302
165303
165304
165420
165421
165438
165439
165522
165523
165540
165541
165624
165625
165642
165643
165726
165727
165744
165745
165828
165829
165846
165847
165930
165931
165948
165949
166032
166033
166050
166051
166134
166135
166152
166153
166236
166237
166254
166255
166338
166339
166356
166357
166440
166441
166458
166459
166542
166543
166560
166561
166644
166645
166662
166663
166746
166747
166764
166765
166848
166849
166866
166867
166950
166951
166968
166969
167052
167053
167070
167071
167154
167155
167172
167173
167256
167257
167274
167275
167358
167359
167376
167377
167460
167461
167478
167479
167562
167563
167580
167581
167664
167665
167682
167683
167766
167767
167784
167785
167868
167869
167886
167887
167970
167971
167988
167989
168072
168073
168090
168091
168174
168175
168192
168193
168276
168277
168294
168295
168378
168379
168396
168397
168480
168481
168498
168499
169210
169211
169225
169226
169227
169228
169263
169264
169265
169266
169267
169268
169496
169497
169511
169512
169513
169514
169549
169550
169551
169552
169553
169554
169782
169783
169797
169798
169799
169800
169835
169836
169837
169838
169839
169840
170068
170069
170083
170084
170085
170086
170121
170122
170123
170124
170125
170126
170354
170355
170369
170370
170371
170372
170407
170408
170409
170410
170411
170412
170640
170641
170655
170656
170657
170658
170693
170694
170695
170696
170697
170698
170926
170927
170941
170942
170943
170944
170979
170980
170981
170982
170983
170984
171212
171213
171227
171228
171229
171230
171265
171266
171267
171268
171269
171270
171498
171499
171513
171514
171515
171516
171551
171552
171553
171554
171555
171556
171784
171785
171799
171800
171801
171802
171837
171838
171839
171840
171841
171842
172070
172071
172085
172086
172087
172088
172123
172124
172125
172126
172127
172128
172356
172357
172371
172372
172373
172374
172409
172410
172411
172412
172413
172414
172642
172643
172657
172658
172659
172660
172695
172696
172697
172698
172699
172700
172928
172929
172943
172944
172945
172946
172981
172982
172983
172984
172985
172986
173214
173215
173229
173230
173231
173232
173267
173268
173269
173270
173271
173272
173500
173501
173515
173516
173517
173518
173553
173554
173555
173556
173557
173558
173786
173787
173801
173802
173803
173804
173839
173840
173841
173842
173843
173844
174072
174073
174087
174088
174089
174090
174125
174126
174127
174128
174129
174130
174358
174359
174373
174374
174375
174376
174411
174412
174413
174414
174415
174416
174644
174645
174659
174660
174661
174662
174697
174698
174699
174700
174701
174702
174930
174931
174945
174946
174947
174948
174983
174984
174985
174986
174987
174988
175216
175217
175231
175232
175233
175234
175269
175270
175271
175272
175273
175274
175502
175503
175517
175518
175519
175520
175555
175556
175557
175558
175559
175560
175788
175789
175803
175804
175805
175806
175841
175842
175843
175844
175845
175846
176074
176075
176089
176090
176091
176092
176127
176128
176129
176130
176131
176132
176360
176361
176375
176376
176377
176378
176413
176414
176415
176416
176417
176418
176646
176647
176661
176662
176663
176664
176699
176700
176701
176702
176703
176704
176932
176933
176947
176948
176949
176950
176985
176986
176987
176988
176989
176990
177218
177219
177233
177234
177235
177236
177271
177272
177273
177274
177275
177276
177504
177505
177519
177520
177521
177522
177557
177558
177559
177560
177561
177562
177790
177791
177805
177806
177807
177808
177843
177844
177845
177846
177847
177848
180196
180197
180198
180199
180200
180201
180235
180236
180251
180252
180253
180254
180492
180493
180494
180495
180496
180497
180531
180532
180547
180548
180549
180550
180788
180789
180790
180791
180792
180793
180827
180828
180843
180844
180845
180846
181084
181085
181086
181087
181088
181089
181123
181124
181139
181140
181141
181142
181380
181381
181382
181383
181384
181385
181419
181420
181435
181436
181437
181438
181676
181677
181678
181679
181680
181681
181715
181716
181731
181732
181733
181734
181972
181973
181974
181975
181976
181977
182011
182012
182027
182028
182029
182030
182268
182269
182270
182271
182272
182273
182307
182308
182323
182324
182325
182326
182564
182565
182566
182567
182568
182569
182603
182604
182619
182620
182621
182622
182860
182861
182862
182863
182864
182865
182899
182900
182915
182916
182917
182918
183156
183157
183158
183159
183160
183161
183195
183196
183211
183212
183213
183214
183452
183453
183454
183455
183456
183457
183491
183492
183507
183508
183509
183510
183748
183749
183750
183751
183752
183753
183787
183788
183803
183804
183805
183806
184044
184045
184046
184047
184048
184049
184083
184084
184099
184100
184101
184102
184340
184341
184342
184343
184344
184345
184379
184380
184395
184396
184397
184398
184636
184637
184638
184639
184640
184641
184675
184676
184691
184692
184693
184694
184932
184933
184934
184935
184936
184937
184971
184972
184987
184988
184989
184990
185228
185229
185230
185231
185232
185233
185267
185268
185283
185284
185285
185286
185524
185525
185526
185527
185528
185529
185563
185564
185579
185580
185581
185582
185820
185821
185822
185823
185824
185825
185859
185860
185875
185876
185877
185878
186116
186117
186118
186119
186120
186121
186155
186156
186171
186172
186173
186174
186412
186413
186414
186415
186416
186417
186451
186452
186467
186468
186469
186470
186708
186709
186710
186711
186712
186713
186747
186748
186763
186764
186765
186766
187004
187005
187006
187007
187008
187009
187043
187044
187059
187060
187061
187062
187300
187301
187302
187303
187304
187305
187339
187340
187355
187356
187357
187358
187596
187597
187598
187599
187600
187601
187635
187636
187651
187652
187653
187654
187892
187893
187894
187895
187896
187897
187931
187932
187947
187948
187949
187950
188188
188189
188190
188191
188192
188193
188227
188228
188243
188244
188245
188246
188484
188485
188486
188487
188488
188489
188523
188524
188539
188540
188541
188542
188780
188781
188782
188783
188784
188785
188819
188820
188835
188836
188837
188838
189074
189075
189076
189077
189109
189110
189123
189124
191224
191225
191228
191229
)


// ************************************************************************* //
