/*--------------------------------*- C++ -*----------------------------------*\
| =========                 |                                                 |
| \\      /  F ield         | OpenFOAM: The Open Source CFD Toolbox           |
|  \\    /   O peration     | Version:  2606                                  |
|   \\  /    A nd           | Website:  www.openfoam.com                      |
|    \\/     M anipulation  |                                                 |
\*---------------------------------------------------------------------------*/
FoamFile
{
    version     2.0;
    format      ascii;
    arch        "LSB;label=32;scalar=64";
    class       labelList;
    location    "constant/cell2/polyMesh";
    object      cellRegionAddressing;
}
// * * * * * * * * * * * * * * * * * * * * * * * * * * * * * * * * * * * * * //


9262
(
234
235
236
322
323
324
325
326
327
411
412
413
414
415
416
417
418
501
502
503
504
505
506
507
508
509
591
592
593
594
595
596
597
598
599
681
682
683
684
685
686
687
688
689
771
772
773
774
775
776
777
778
862
863
864
865
866
867
868
953
954
955
956
957
2304
2305
2306
2392
2393
2394
2395
2396
2397
2481
2482
2483
2484
2485
2486
2487
2488
2571
2572
2573
2574
2575
2576
2577
2578
2579
2661
2662
2663
2664
2665
2666
2667
2668
2669
2751
2752
2753
2754
2755
2756
2757
2758
2759
2841
2842
2843
2844
2845
2846
2847
2848
2932
2933
2934
2935
2936
2937
2938
3023
3024
3025
3026
3027
4374
4375
4376
4462
4463
4464
4465
4466
4467
4551
4552
4553
4554
4555
4556
4557
4558
4641
4642
4643
4644
4645
4646
4647
4648
4649
4731
4732
4733
4734
4735
4736
4737
4738
4739
4821
4822
4823
4824
4825
4826
4827
4828
4829
4911
4912
4913
4914
4915
4916
4917
4918
5002
5003
5004
5005
5006
5007
5008
5093
5094
5095
5096
5097
6444
6445
6446
6532
6533
6534
6535
6536
6537
6621
6622
6623
6624
6625
6626
6627
6628
6711
6712
6713
6714
6715
6716
6717
6718
6719
6801
6802
6803
6804
6805
6806
6807
6808
6809
6891
6892
6893
6894
6895
6896
6897
6898
6899
6981
6982
6983
6984
6985
6986
6987
6988
7072
7073
7074
7075
7076
7077
7078
7163
7164
7165
7166
7167
8514
8515
8516
8602
8603
8604
8605
8606
8607
8691
8692
8693
8694
8695
8696
8697
8698
8781
8782
8783
8784
8785
8786
8787
8788
8789
8871
8872
8873
8874
8875
8876
8877
8878
8879
8961
8962
8963
8964
8965
8966
8967
8968
8969
9051
9052
9053
9054
9055
9056
9057
9058
9142
9143
9144
9145
9146
9147
9148
9233
9234
9235
9236
9237
10584
10585
10586
10672
10673
10674
10675
10676
10677
10761
10762
10763
10764
10765
10766
10767
10768
10851
10852
10853
10854
10855
10856
10857
10858
10859
10941
10942
10943
10944
10945
10946
10947
10948
10949
11031
11032
11033
11034
11035
11036
11037
11038
11039
11121
11122
11123
11124
11125
11126
11127
11128
11212
11213
11214
11215
11216
11217
11218
11303
11304
11305
11306
11307
12654
12655
12656
12742
12743
12744
12745
12746
12747
12831
12832
12833
12834
12835
12836
12837
12838
12921
12922
12923
12924
12925
12926
12927
12928
12929
13011
13012
13013
13014
13015
13016
13017
13018
13019
13101
13102
13103
13104
13105
13106
13107
13108
13109
13191
13192
13193
13194
13195
13196
13197
13198
13282
13283
13284
13285
13286
13287
13288
13373
13374
13375
13376
13377
14724
14725
14726
14812
14813
14814
14815
14816
14817
14901
14902
14903
14904
14905
14906
14907
14908
14991
14992
14993
14994
14995
14996
14997
14998
14999
15081
15082
15083
15084
15085
15086
15087
15088
15089
15171
15172
15173
15174
15175
15176
15177
15178
15179
15261
15262
15263
15264
15265
15266
15267
15268
15352
15353
15354
15355
15356
15357
15358
15443
15444
15445
15446
15447
16794
16795
16796
16882
16883
16884
16885
16886
16887
16971
16972
16973
16974
16975
16976
16977
16978
17061
17062
17063
17064
17065
17066
17067
17068
17069
17151
17152
17153
17154
17155
17156
17157
17158
17159
17241
17242
17243
17244
17245
17246
17247
17248
17249
17331
17332
17333
17334
17335
17336
17337
17338
17422
17423
17424
17425
17426
17427
17428
17513
17514
17515
17516
17517
18864
18865
18866
18952
18953
18954
18955
18956
18957
19041
19042
19043
19044
19045
19046
19047
19048
19131
19132
19133
19134
19135
19136
19137
19138
19139
19221
19222
19223
19224
19225
19226
19227
19228
19229
19311
19312
19313
19314
19315
19316
19317
19318
19319
19401
19402
19403
19404
19405
19406
19407
19408
19492
19493
19494
19495
19496
19497
19498
19583
19584
19585
19586
19587
20934
20935
20936
21022
21023
21024
21025
21026
21027
21111
21112
21113
21114
21115
21116
21117
21118
21201
21202
21203
21204
21205
21206
21207
21208
21209
21291
21292
21293
21294
21295
21296
21297
21298
21299
21381
21382
21383
21384
21385
21386
21387
21388
21389
21471
21472
21473
21474
21475
21476
21477
21478
21562
21563
21564
21565
21566
21567
21568
21653
21654
21655
21656
21657
23004
23005
23006
23092
23093
23094
23095
23096
23097
23181
23182
23183
23184
23185
23186
23187
23188
23271
23272
23273
23274
23275
23276
23277
23278
23279
23361
23362
23363
23364
23365
23366
23367
23368
23369
23451
23452
23453
23454
23455
23456
23457
23458
23459
23541
23542
23543
23544
23545
23546
23547
23548
23632
23633
23634
23635
23636
23637
23638
23723
23724
23725
23726
23727
25074
25075
25076
25162
25163
25164
25165
25166
25167
25251
25252
25253
25254
25255
25256
25257
25258
25341
25342
25343
25344
25345
25346
25347
25348
25349
25431
25432
25433
25434
25435
25436
25437
25438
25439
25521
25522
25523
25524
25525
25526
25527
25528
25529
25611
25612
25613
25614
25615
25616
25617
25618
25702
25703
25704
25705
25706
25707
25708
25793
25794
25795
25796
25797
27144
27145
27146
27232
27233
27234
27235
27236
27237
27321
27322
27323
27324
27325
27326
27327
27328
27411
27412
27413
27414
27415
27416
27417
27418
27419
27501
27502
27503
27504
27505
27506
27507
27508
27509
27591
27592
27593
27594
27595
27596
27597
27598
27599
27681
27682
27683
27684
27685
27686
27687
27688
27772
27773
27774
27775
27776
27777
27778
27863
27864
27865
27866
27867
29214
29215
29216
29302
29303
29304
29305
29306
29307
29391
29392
29393
29394
29395
29396
29397
29398
29481
29482
29483
29484
29485
29486
29487
29488
29489
29571
29572
29573
29574
29575
29576
29577
29578
29579
29661
29662
29663
29664
29665
29666
29667
29668
29669
29751
29752
29753
29754
29755
29756
29757
29758
29842
29843
29844
29845
29846
29847
29848
29933
29934
29935
29936
29937
31284
31285
31286
31372
31373
31374
31375
31376
31377
31461
31462
31463
31464
31465
31466
31467
31468
31551
31552
31553
31554
31555
31556
31557
31558
31559
31641
31642
31643
31644
31645
31646
31647
31648
31649
31731
31732
31733
31734
31735
31736
31737
31738
31739
31821
31822
31823
31824
31825
31826
31827
31828
31912
31913
31914
31915
31916
31917
31918
32003
32004
32005
32006
32007
33354
33355
33356
33442
33443
33444
33445
33446
33447
33531
33532
33533
33534
33535
33536
33537
33538
33621
33622
33623
33624
33625
33626
33627
33628
33629
33711
33712
33713
33714
33715
33716
33717
33718
33719
33801
33802
33803
33804
33805
33806
33807
33808
33809
33891
33892
33893
33894
33895
33896
33897
33898
33982
33983
33984
33985
33986
33987
33988
34073
34074
34075
34076
34077
35424
35425
35426
35512
35513
35514
35515
35516
35517
35601
35602
35603
35604
35605
35606
35607
35608
35691
35692
35693
35694
35695
35696
35697
35698
35699
35781
35782
35783
35784
35785
35786
35787
35788
35789
35871
35872
35873
35874
35875
35876
35877
35878
35879
35961
35962
35963
35964
35965
35966
35967
35968
36052
36053
36054
36055
36056
36057
36058
36143
36144
36145
36146
36147
37494
37495
37496
37582
37583
37584
37585
37586
37587
37671
37672
37673
37674
37675
37676
37677
37678
37761
37762
37763
37764
37765
37766
37767
37768
37769
37851
37852
37853
37854
37855
37856
37857
37858
37859
37941
37942
37943
37944
37945
37946
37947
37948
37949
38031
38032
38033
38034
38035
38036
38037
38038
38122
38123
38124
38125
38126
38127
38128
38213
38214
38215
38216
38217
39564
39565
39566
39652
39653
39654
39655
39656
39657
39741
39742
39743
39744
39745
39746
39747
39748
39831
39832
39833
39834
39835
39836
39837
39838
39839
39921
39922
39923
39924
39925
39926
39927
39928
39929
40011
40012
40013
40014
40015
40016
40017
40018
40019
40101
40102
40103
40104
40105
40106
40107
40108
40192
40193
40194
40195
40196
40197
40198
40283
40284
40285
40286
40287
41634
41635
41636
41722
41723
41724
41725
41726
41727
41811
41812
41813
41814
41815
41816
41817
41818
41901
41902
41903
41904
41905
41906
41907
41908
41909
41991
41992
41993
41994
41995
41996
41997
41998
41999
42081
42082
42083
42084
42085
42086
42087
42088
42089
42171
42172
42173
42174
42175
42176
42177
42178
42262
42263
42264
42265
42266
42267
42268
42353
42354
42355
42356
42357
43704
43705
43706
43792
43793
43794
43795
43796
43797
43881
43882
43883
43884
43885
43886
43887
43888
43971
43972
43973
43974
43975
43976
43977
43978
43979
44061
44062
44063
44064
44065
44066
44067
44068
44069
44151
44152
44153
44154
44155
44156
44157
44158
44159
44241
44242
44243
44244
44245
44246
44247
44248
44332
44333
44334
44335
44336
44337
44338
44423
44424
44425
44426
44427
45774
45775
45776
45862
45863
45864
45865
45866
45867
45951
45952
45953
45954
45955
45956
45957
45958
46041
46042
46043
46044
46045
46046
46047
46048
46049
46131
46132
46133
46134
46135
46136
46137
46138
46139
46221
46222
46223
46224
46225
46226
46227
46228
46229
46311
46312
46313
46314
46315
46316
46317
46318
46402
46403
46404
46405
46406
46407
46408
46493
46494
46495
46496
46497
47844
47845
47846
47932
47933
47934
47935
47936
47937
48021
48022
48023
48024
48025
48026
48027
48028
48111
48112
48113
48114
48115
48116
48117
48118
48119
48201
48202
48203
48204
48205
48206
48207
48208
48209
48291
48292
48293
48294
48295
48296
48297
48298
48299
48381
48382
48383
48384
48385
48386
48387
48388
48472
48473
48474
48475
48476
48477
48478
48563
48564
48565
48566
48567
49914
49915
49916
50002
50003
50004
50005
50006
50007
50091
50092
50093
50094
50095
50096
50097
50098
50181
50182
50183
50184
50185
50186
50187
50188
50189
50271
50272
50273
50274
50275
50276
50277
50278
50279
50361
50362
50363
50364
50365
50366
50367
50368
50369
50451
50452
50453
50454
50455
50456
50457
50458
50542
50543
50544
50545
50546
50547
50548
50633
50634
50635
50636
50637
51984
51985
51986
52072
52073
52074
52075
52076
52077
52161
52162
52163
52164
52165
52166
52167
52168
52251
52252
52253
52254
52255
52256
52257
52258
52259
52341
52342
52343
52344
52345
52346
52347
52348
52349
52431
52432
52433
52434
52435
52436
52437
52438
52439
52521
52522
52523
52524
52525
52526
52527
52528
52612
52613
52614
52615
52616
52617
52618
52703
52704
52705
52706
52707
54054
54055
54056
54142
54143
54144
54145
54146
54147
54231
54232
54233
54234
54235
54236
54237
54238
54321
54322
54323
54324
54325
54326
54327
54328
54329
54411
54412
54413
54414
54415
54416
54417
54418
54419
54501
54502
54503
54504
54505
54506
54507
54508
54509
54591
54592
54593
54594
54595
54596
54597
54598
54682
54683
54684
54685
54686
54687
54688
54773
54774
54775
54776
54777
56124
56125
56126
56212
56213
56214
56215
56216
56217
56301
56302
56303
56304
56305
56306
56307
56308
56391
56392
56393
56394
56395
56396
56397
56398
56399
56481
56482
56483
56484
56485
56486
56487
56488
56489
56571
56572
56573
56574
56575
56576
56577
56578
56579
56661
56662
56663
56664
56665
56666
56667
56668
56752
56753
56754
56755
56756
56757
56758
56843
56844
56845
56846
56847
58194
58195
58196
58282
58283
58284
58285
58286
58287
58371
58372
58373
58374
58375
58376
58377
58378
58461
58462
58463
58464
58465
58466
58467
58468
58469
58551
58552
58553
58554
58555
58556
58557
58558
58559
58641
58642
58643
58644
58645
58646
58647
58648
58649
58731
58732
58733
58734
58735
58736
58737
58738
58822
58823
58824
58825
58826
58827
58828
58913
58914
58915
58916
58917
60264
60265
60266
60352
60353
60354
60355
60356
60357
60441
60442
60443
60444
60445
60446
60447
60448
60531
60532
60533
60534
60535
60536
60537
60538
60539
60621
60622
60623
60624
60625
60626
60627
60628
60629
60711
60712
60713
60714
60715
60716
60717
60718
60719
60801
60802
60803
60804
60805
60806
60807
60808
60892
60893
60894
60895
60896
60897
60898
60983
60984
60985
60986
60987
62334
62335
62336
62422
62423
62424
62425
62426
62427
62511
62512
62513
62514
62515
62516
62517
62518
62601
62602
62603
62604
62605
62606
62607
62608
62609
62691
62692
62693
62694
62695
62696
62697
62698
62699
62781
62782
62783
62784
62785
62786
62787
62788
62789
62871
62872
62873
62874
62875
62876
62877
62878
62962
62963
62964
62965
62966
62967
62968
63053
63054
63055
63056
63057
64404
64405
64406
64492
64493
64494
64495
64496
64497
64581
64582
64583
64584
64585
64586
64587
64588
64671
64672
64673
64674
64675
64676
64677
64678
64679
64761
64762
64763
64764
64765
64766
64767
64768
64769
64851
64852
64853
64854
64855
64856
64857
64858
64859
64941
64942
64943
64944
64945
64946
64947
64948
65032
65033
65034
65035
65036
65037
65038
65123
65124
65125
65126
65127
66474
66475
66476
66562
66563
66564
66565
66566
66567
66651
66652
66653
66654
66655
66656
66657
66658
66741
66742
66743
66744
66745
66746
66747
66748
66749
66831
66832
66833
66834
66835
66836
66837
66838
66839
66921
66922
66923
66924
66925
66926
66927
66928
66929
67011
67012
67013
67014
67015
67016
67017
67018
67102
67103
67104
67105
67106
67107
67108
67193
67194
67195
67196
67197
74606
74611
74612
74613
74618
74619
74620
74625
74626
74627
74633
74634
74640
74704
74709
74710
74711
74716
74717
74718
74724
74793
74794
74795
74800
74801
74802
74842
74844
74850
74884
74886
74892
74926
74928
74934
75003
75004
75005
75010
75011
75012
75080
75087
75088
75089
75094
75095
75096
75192
75199
75201
75206
75207
75208
75213
75214
75215
75220
75221
76160
76164
76165
76166
76167
76169
76170
76171
76172
76173
76174
76175
76176
76177
76178
76179
76180
76181
76182
76183
76184
76185
76187
76188
76189
76191
76192
76194
76198
76258
76262
76263
76264
76265
76266
76267
76268
76269
76270
76271
76272
76273
76274
76275
76276
76278
76282
76347
76348
76349
76350
76351
76352
76353
76354
76355
76356
76357
76358
76359
76360
76424
76426
76428
76430
76431
76432
76433
76434
76435
76436
76437
76438
76439
76440
76441
76442
76443
76444
76446
76448
76450
76508
76510
76512
76514
76515
76516
76517
76518
76519
76520
76521
76522
76523
76524
76525
76526
76527
76528
76530
76532
76534
76592
76594
76596
76598
76599
76600
76601
76602
76603
76604
76605
76606
76607
76608
76609
76610
76611
76612
76614
76616
76618
76683
76684
76685
76686
76687
76688
76689
76690
76691
76692
76693
76694
76695
76696
76760
76764
76767
76768
76769
76770
76771
76772
76773
76774
76775
76776
76777
76778
76779
76780
76784
76872
76876
76879
76881
76882
76883
76885
76886
76887
76888
76889
76890
76891
76892
76893
76894
76895
76896
76897
76898
76899
76900
76901
76903
76904
76905
76910
78092
78096
78097
78098
78099
78101
78102
78103
78104
78105
78106
78107
78108
78109
78110
78111
78112
78113
78114
78115
78116
78117
78119
78120
78121
78123
78124
78126
78130
78190
78194
78195
78196
78197
78198
78199
78200
78201
78202
78203
78204
78205
78206
78207
78208
78210
78214
78279
78280
78281
78282
78283
78284
78285
78286
78287
78288
78289
78290
78291
78292
78356
78358
78360
78362
78363
78364
78365
78366
78367
78368
78369
78370
78371
78372
78373
78374
78375
78376
78378
78380
78382
78440
78442
78444
78446
78447
78448
78449
78450
78451
78452
78453
78454
78455
78456
78457
78458
78459
78460
78462
78464
78466
78524
78526
78528
78530
78531
78532
78533
78534
78535
78536
78537
78538
78539
78540
78541
78542
78543
78544
78546
78548
78550
78615
78616
78617
78618
78619
78620
78621
78622
78623
78624
78625
78626
78627
78628
78692
78696
78699
78700
78701
78702
78703
78704
78705
78706
78707
78708
78709
78710
78711
78712
78716
78804
78808
78811
78813
78814
78815
78817
78818
78819
78820
78821
78822
78823
78824
78825
78826
78827
78828
78829
78830
78831
78832
78833
78835
78836
78837
78842
80024
80028
80029
80030
80031
80033
80034
80035
80036
80037
80038
80039
80040
80041
80042
80043
80044
80045
80046
80047
80048
80049
80051
80052
80053
80055
80056
80058
80062
80122
80126
80127
80128
80129
80130
80131
80132
80133
80134
80135
80136
80137
80138
80139
80140
80142
80146
80211
80212
80213
80214
80215
80216
80217
80218
80219
80220
80221
80222
80223
80224
80288
80290
80292
80294
80295
80296
80297
80298
80299
80300
80301
80302
80303
80304
80305
80306
80307
80308
80310
80312
80314
80372
80374
80376
80378
80379
80380
80381
80382
80383
80384
80385
80386
80387
80388
80389
80390
80391
80392
80394
80396
80398
80456
80458
80460
80462
80463
80464
80465
80466
80467
80468
80469
80470
80471
80472
80473
80474
80475
80476
80478
80480
80482
80547
80548
80549
80550
80551
80552
80553
80554
80555
80556
80557
80558
80559
80560
80624
80628
80631
80632
80633
80634
80635
80636
80637
80638
80639
80640
80641
80642
80643
80644
80648
80736
80740
80743
80745
80746
80747
80749
80750
80751
80752
80753
80754
80755
80756
80757
80758
80759
80760
80761
80762
80763
80764
80765
80767
80768
80769
80774
81956
81960
81961
81962
81963
81965
81966
81967
81968
81969
81970
81971
81972
81973
81974
81975
81976
81977
81978
81979
81980
81981
81983
81984
81985
81987
81988
81990
81994
82054
82058
82059
82060
82061
82062
82063
82064
82065
82066
82067
82068
82069
82070
82071
82072
82074
82078
82143
82144
82145
82146
82147
82148
82149
82150
82151
82152
82153
82154
82155
82156
82220
82222
82224
82226
82227
82228
82229
82230
82231
82232
82233
82234
82235
82236
82237
82238
82239
82240
82242
82244
82246
82304
82306
82308
82310
82311
82312
82313
82314
82315
82316
82317
82318
82319
82320
82321
82322
82323
82324
82326
82328
82330
82388
82390
82392
82394
82395
82396
82397
82398
82399
82400
82401
82402
82403
82404
82405
82406
82407
82408
82410
82412
82414
82479
82480
82481
82482
82483
82484
82485
82486
82487
82488
82489
82490
82491
82492
82556
82560
82563
82564
82565
82566
82567
82568
82569
82570
82571
82572
82573
82574
82575
82576
82580
82668
82672
82675
82677
82678
82679
82681
82682
82683
82684
82685
82686
82687
82688
82689
82690
82691
82692
82693
82694
82695
82696
82697
82699
82700
82701
82706
83888
83892
83893
83894
83895
83897
83898
83899
83900
83901
83902
83903
83904
83905
83906
83907
83908
83909
83910
83911
83912
83913
83915
83916
83917
83919
83920
83922
83926
83986
83990
83991
83992
83993
83994
83995
83996
83997
83998
83999
84000
84001
84002
84003
84004
84006
84010
84075
84076
84077
84078
84079
84080
84081
84082
84083
84084
84085
84086
84087
84088
84152
84154
84156
84158
84159
84160
84161
84162
84163
84164
84165
84166
84167
84168
84169
84170
84171
84172
84174
84176
84178
84236
84238
84240
84242
84243
84244
84245
84246
84247
84248
84249
84250
84251
84252
84253
84254
84255
84256
84258
84260
84262
84320
84322
84324
84326
84327
84328
84329
84330
84331
84332
84333
84334
84335
84336
84337
84338
84339
84340
84342
84344
84346
84411
84412
84413
84414
84415
84416
84417
84418
84419
84420
84421
84422
84423
84424
84488
84492
84495
84496
84497
84498
84499
84500
84501
84502
84503
84504
84505
84506
84507
84508
84512
84600
84604
84607
84609
84610
84611
84613
84614
84615
84616
84617
84618
84619
84620
84621
84622
84623
84624
84625
84626
84627
84628
84629
84631
84632
84633
84638
85820
85824
85825
85826
85827
85829
85830
85831
85832
85833
85834
85835
85836
85837
85838
85839
85840
85841
85842
85843
85844
85845
85847
85848
85849
85851
85852
85854
85858
85918
85922
85923
85924
85925
85926
85927
85928
85929
85930
85931
85932
85933
85934
85935
85936
85938
85942
86007
86008
86009
86010
86011
86012
86013
86014
86015
86016
86017
86018
86019
86020
86084
86086
86088
86090
86091
86092
86093
86094
86095
86096
86097
86098
86099
86100
86101
86102
86103
86104
86106
86108
86110
86168
86170
86172
86174
86175
86176
86177
86178
86179
86180
86181
86182
86183
86184
86185
86186
86187
86188
86190
86192
86194
86252
86254
86256
86258
86259
86260
86261
86262
86263
86264
86265
86266
86267
86268
86269
86270
86271
86272
86274
86276
86278
86343
86344
86345
86346
86347
86348
86349
86350
86351
86352
86353
86354
86355
86356
86420
86424
86427
86428
86429
86430
86431
86432
86433
86434
86435
86436
86437
86438
86439
86440
86444
86532
86536
86539
86541
86542
86543
86545
86546
86547
86548
86549
86550
86551
86552
86553
86554
86555
86556
86557
86558
86559
86560
86561
86563
86564
86565
86570
87752
87756
87757
87758
87759
87761
87762
87763
87764
87765
87766
87767
87768
87769
87770
87771
87772
87773
87774
87775
87776
87777
87779
87780
87781
87783
87784
87786
87790
87850
87854
87855
87856
87857
87858
87859
87860
87861
87862
87863
87864
87865
87866
87867
87868
87870
87874
87939
87940
87941
87942
87943
87944
87945
87946
87947
87948
87949
87950
87951
87952
88016
88018
88020
88022
88023
88024
88025
88026
88027
88028
88029
88030
88031
88032
88033
88034
88035
88036
88038
88040
88042
88100
88102
88104
88106
88107
88108
88109
88110
88111
88112
88113
88114
88115
88116
88117
88118
88119
88120
88122
88124
88126
88184
88186
88188
88190
88191
88192
88193
88194
88195
88196
88197
88198
88199
88200
88201
88202
88203
88204
88206
88208
88210
88275
88276
88277
88278
88279
88280
88281
88282
88283
88284
88285
88286
88287
88288
88352
88356
88359
88360
88361
88362
88363
88364
88365
88366
88367
88368
88369
88370
88371
88372
88376
88464
88468
88471
88473
88474
88475
88477
88478
88479
88480
88481
88482
88483
88484
88485
88486
88487
88488
88489
88490
88491
88492
88493
88495
88496
88497
88502
89684
89688
89689
89690
89691
89693
89694
89695
89696
89697
89698
89699
89700
89701
89702
89703
89704
89705
89706
89707
89708
89709
89711
89712
89713
89715
89716
89718
89722
89782
89786
89787
89788
89789
89790
89791
89792
89793
89794
89795
89796
89797
89798
89799
89800
89802
89806
89871
89872
89873
89874
89875
89876
89877
89878
89879
89880
89881
89882
89883
89884
89948
89950
89952
89954
89955
89956
89957
89958
89959
89960
89961
89962
89963
89964
89965
89966
89967
89968
89970
89972
89974
90032
90034
90036
90038
90039
90040
90041
90042
90043
90044
90045
90046
90047
90048
90049
90050
90051
90052
90054
90056
90058
90116
90118
90120
90122
90123
90124
90125
90126
90127
90128
90129
90130
90131
90132
90133
90134
90135
90136
90138
90140
90142
90207
90208
90209
90210
90211
90212
90213
90214
90215
90216
90217
90218
90219
90220
90284
90288
90291
90292
90293
90294
90295
90296
90297
90298
90299
90300
90301
90302
90303
90304
90308
90396
90400
90403
90405
90406
90407
90409
90410
90411
90412
90413
90414
90415
90416
90417
90418
90419
90420
90421
90422
90423
90424
90425
90427
90428
90429
90434
91616
91620
91621
91622
91623
91625
91626
91627
91628
91629
91630
91631
91632
91633
91634
91635
91636
91637
91638
91639
91640
91641
91643
91644
91645
91647
91648
91650
91654
91714
91718
91719
91720
91721
91722
91723
91724
91725
91726
91727
91728
91729
91730
91731
91732
91734
91738
91803
91804
91805
91806
91807
91808
91809
91810
91811
91812
91813
91814
91815
91816
91880
91882
91884
91886
91887
91888
91889
91890
91891
91892
91893
91894
91895
91896
91897
91898
91899
91900
91902
91904
91906
91964
91966
91968
91970
91971
91972
91973
91974
91975
91976
91977
91978
91979
91980
91981
91982
91983
91984
91986
91988
91990
92048
92050
92052
92054
92055
92056
92057
92058
92059
92060
92061
92062
92063
92064
92065
92066
92067
92068
92070
92072
92074
92139
92140
92141
92142
92143
92144
92145
92146
92147
92148
92149
92150
92151
92152
92216
92220
92223
92224
92225
92226
92227
92228
92229
92230
92231
92232
92233
92234
92235
92236
92240
92328
92332
92335
92337
92338
92339
92341
92342
92343
92344
92345
92346
92347
92348
92349
92350
92351
92352
92353
92354
92355
92356
92357
92359
92360
92361
92366
93548
93552
93553
93554
93555
93557
93558
93559
93560
93561
93562
93563
93564
93565
93566
93567
93568
93569
93570
93571
93572
93573
93575
93576
93577
93579
93580
93582
93586
93646
93650
93651
93652
93653
93654
93655
93656
93657
93658
93659
93660
93661
93662
93663
93664
93666
93670
93735
93736
93737
93738
93739
93740
93741
93742
93743
93744
93745
93746
93747
93748
93812
93814
93816
93818
93819
93820
93821
93822
93823
93824
93825
93826
93827
93828
93829
93830
93831
93832
93834
93836
93838
93896
93898
93900
93902
93903
93904
93905
93906
93907
93908
93909
93910
93911
93912
93913
93914
93915
93916
93918
93920
93922
93980
93982
93984
93986
93987
93988
93989
93990
93991
93992
93993
93994
93995
93996
93997
93998
93999
94000
94002
94004
94006
94071
94072
94073
94074
94075
94076
94077
94078
94079
94080
94081
94082
94083
94084
94148
94152
94155
94156
94157
94158
94159
94160
94161
94162
94163
94164
94165
94166
94167
94168
94172
94260
94264
94267
94269
94270
94271
94273
94274
94275
94276
94277
94278
94279
94280
94281
94282
94283
94284
94285
94286
94287
94288
94289
94291
94292
94293
94298
95480
95484
95485
95486
95487
95489
95490
95491
95492
95493
95494
95495
95496
95497
95498
95499
95500
95501
95502
95503
95504
95505
95507
95508
95509
95511
95512
95514
95518
95578
95582
95583
95584
95585
95586
95587
95588
95589
95590
95591
95592
95593
95594
95595
95596
95598
95602
95667
95668
95669
95670
95671
95672
95673
95674
95675
95676
95677
95678
95679
95680
95744
95746
95748
95750
95751
95752
95753
95754
95755
95756
95757
95758
95759
95760
95761
95762
95763
95764
95766
95768
95770
95828
95830
95832
95834
95835
95836
95837
95838
95839
95840
95841
95842
95843
95844
95845
95846
95847
95848
95850
95852
95854
95912
95914
95916
95918
95919
95920
95921
95922
95923
95924
95925
95926
95927
95928
95929
95930
95931
95932
95934
95936
95938
96003
96004
96005
96006
96007
96008
96009
96010
96011
96012
96013
96014
96015
96016
96080
96084
96087
96088
96089
96090
96091
96092
96093
96094
96095
96096
96097
96098
96099
96100
96104
96192
96196
96199
96201
96202
96203
96205
96206
96207
96208
96209
96210
96211
96212
96213
96214
96215
96216
96217
96218
96219
96220
96221
96223
96224
96225
96230
97412
97416
97417
97418
97419
97421
97422
97423
97424
97425
97426
97427
97428
97429
97430
97431
97432
97433
97434
97435
97436
97437
97439
97440
97441
97443
97444
97446
97450
97510
97514
97515
97516
97517
97518
97519
97520
97521
97522
97523
97524
97525
97526
97527
97528
97530
97534
97599
97600
97601
97602
97603
97604
97605
97606
97607
97608
97609
97610
97611
97612
97676
97678
97680
97682
97683
97684
97685
97686
97687
97688
97689
97690
97691
97692
97693
97694
97695
97696
97698
97700
97702
97760
97762
97764
97766
97767
97768
97769
97770
97771
97772
97773
97774
97775
97776
97777
97778
97779
97780
97782
97784
97786
97844
97846
97848
97850
97851
97852
97853
97854
97855
97856
97857
97858
97859
97860
97861
97862
97863
97864
97866
97868
97870
97935
97936
97937
97938
97939
97940
97941
97942
97943
97944
97945
97946
97947
97948
98012
98016
98019
98020
98021
98022
98023
98024
98025
98026
98027
98028
98029
98030
98031
98032
98036
98124
98128
98131
98133
98134
98135
98137
98138
98139
98140
98141
98142
98143
98144
98145
98146
98147
98148
98149
98150
98151
98152
98153
98155
98156
98157
98162
99344
99348
99349
99350
99351
99353
99354
99355
99356
99357
99358
99359
99360
99361
99362
99363
99364
99365
99366
99367
99368
99369
99371
99372
99373
99375
99376
99378
99382
99442
99446
99447
99448
99449
99450
99451
99452
99453
99454
99455
99456
99457
99458
99459
99460
99462
99466
99531
99532
99533
99534
99535
99536
99537
99538
99539
99540
99541
99542
99543
99544
99608
99610
99612
99614
99615
99616
99617
99618
99619
99620
99621
99622
99623
99624
99625
99626
99627
99628
99630
99632
99634
99692
99694
99696
99698
99699
99700
99701
99702
99703
99704
99705
99706
99707
99708
99709
99710
99711
99712
99714
99716
99718
99776
99778
99780
99782
99783
99784
99785
99786
99787
99788
99789
99790
99791
99792
99793
99794
99795
99796
99798
99800
99802
99867
99868
99869
99870
99871
99872
99873
99874
99875
99876
99877
99878
99879
99880
99944
99948
99951
99952
99953
99954
99955
99956
99957
99958
99959
99960
99961
99962
99963
99964
99968
100056
100060
100063
100065
100066
100067
100069
100070
100071
100072
100073
100074
100075
100076
100077
100078
100079
100080
100081
100082
100083
100084
100085
100087
100088
100089
100094
101276
101280
101281
101282
101283
101285
101286
101287
101288
101289
101290
101291
101292
101293
101294
101295
101296
101297
101298
101299
101300
101301
101303
101304
101305
101307
101308
101310
101314
101374
101378
101379
101380
101381
101382
101383
101384
101385
101386
101387
101388
101389
101390
101391
101392
101394
101398
101463
101464
101465
101466
101467
101468
101469
101470
101471
101472
101473
101474
101475
101476
101540
101542
101544
101546
101547
101548
101549
101550
101551
101552
101553
101554
101555
101556
101557
101558
101559
101560
101562
101564
101566
101624
101626
101628
101630
101631
101632
101633
101634
101635
101636
101637
101638
101639
101640
101641
101642
101643
101644
101646
101648
101650
101708
101710
101712
101714
101715
101716
101717
101718
101719
101720
101721
101722
101723
101724
101725
101726
101727
101728
101730
101732
101734
101799
101800
101801
101802
101803
101804
101805
101806
101807
101808
101809
101810
101811
101812
101876
101880
101883
101884
101885
101886
101887
101888
101889
101890
101891
101892
101893
101894
101895
101896
101900
101988
101992
101995
101997
101998
101999
102001
102002
102003
102004
102005
102006
102007
102008
102009
102010
102011
102012
102013
102014
102015
102016
102017
102019
102020
102021
102026
103208
103212
103213
103214
103215
103217
103218
103219
103220
103221
103222
103223
103224
103225
103226
103227
103228
103229
103230
103231
103232
103233
103235
103236
103237
103239
103240
103242
103246
103306
103310
103311
103312
103313
103314
103315
103316
103317
103318
103319
103320
103321
103322
103323
103324
103326
103330
103395
103396
103397
103398
103399
103400
103401
103402
103403
103404
103405
103406
103407
103408
103472
103474
103476
103478
103479
103480
103481
103482
103483
103484
103485
103486
103487
103488
103489
103490
103491
103492
103494
103496
103498
103556
103558
103560
103562
103563
103564
103565
103566
103567
103568
103569
103570
103571
103572
103573
103574
103575
103576
103578
103580
103582
103640
103642
103644
103646
103647
103648
103649
103650
103651
103652
103653
103654
103655
103656
103657
103658
103659
103660
103662
103664
103666
103731
103732
103733
103734
103735
103736
103737
103738
103739
103740
103741
103742
103743
103744
103808
103812
103815
103816
103817
103818
103819
103820
103821
103822
103823
103824
103825
103826
103827
103828
103832
103920
103924
103927
103929
103930
103931
103933
103934
103935
103936
103937
103938
103939
103940
103941
103942
103943
103944
103945
103946
103947
103948
103949
103951
103952
103953
103958
105140
105144
105145
105146
105147
105149
105150
105151
105152
105153
105154
105155
105156
105157
105158
105159
105160
105161
105162
105163
105164
105165
105167
105168
105169
105171
105172
105174
105178
105238
105242
105243
105244
105245
105246
105247
105248
105249
105250
105251
105252
105253
105254
105255
105256
105258
105262
105327
105328
105329
105330
105331
105332
105333
105334
105335
105336
105337
105338
105339
105340
105404
105406
105408
105410
105411
105412
105413
105414
105415
105416
105417
105418
105419
105420
105421
105422
105423
105424
105426
105428
105430
105488
105490
105492
105494
105495
105496
105497
105498
105499
105500
105501
105502
105503
105504
105505
105506
105507
105508
105510
105512
105514
105572
105574
105576
105578
105579
105580
105581
105582
105583
105584
105585
105586
105587
105588
105589
105590
105591
105592
105594
105596
105598
105663
105664
105665
105666
105667
105668
105669
105670
105671
105672
105673
105674
105675
105676
105740
105744
105747
105748
105749
105750
105751
105752
105753
105754
105755
105756
105757
105758
105759
105760
105764
105852
105856
105859
105861
105862
105863
105865
105866
105867
105868
105869
105870
105871
105872
105873
105874
105875
105876
105877
105878
105879
105880
105881
105883
105884
105885
105890
107072
107076
107077
107078
107079
107081
107082
107083
107084
107085
107086
107087
107088
107089
107090
107091
107092
107093
107094
107095
107096
107097
107099
107100
107101
107103
107104
107106
107110
107170
107174
107175
107176
107177
107178
107179
107180
107181
107182
107183
107184
107185
107186
107187
107188
107190
107194
107259
107260
107261
107262
107263
107264
107265
107266
107267
107268
107269
107270
107271
107272
107336
107338
107340
107342
107343
107344
107345
107346
107347
107348
107349
107350
107351
107352
107353
107354
107355
107356
107358
107360
107362
107420
107422
107424
107426
107427
107428
107429
107430
107431
107432
107433
107434
107435
107436
107437
107438
107439
107440
107442
107444
107446
107504
107506
107508
107510
107511
107512
107513
107514
107515
107516
107517
107518
107519
107520
107521
107522
107523
107524
107526
107528
107530
107595
107596
107597
107598
107599
107600
107601
107602
107603
107604
107605
107606
107607
107608
107672
107676
107679
107680
107681
107682
107683
107684
107685
107686
107687
107688
107689
107690
107691
107692
107696
107784
107788
107791
107793
107794
107795
107797
107798
107799
107800
107801
107802
107803
107804
107805
107806
107807
107808
107809
107810
107811
107812
107813
107815
107816
107817
107822
109004
109008
109009
109010
109011
109013
109014
109015
109016
109017
109018
109019
109020
109021
109022
109023
109024
109025
109026
109027
109028
109029
109031
109032
109033
109035
109036
109038
109042
109102
109106
109107
109108
109109
109110
109111
109112
109113
109114
109115
109116
109117
109118
109119
109120
109122
109126
109191
109192
109193
109194
109195
109196
109197
109198
109199
109200
109201
109202
109203
109204
109268
109270
109272
109274
109275
109276
109277
109278
109279
109280
109281
109282
109283
109284
109285
109286
109287
109288
109290
109292
109294
109352
109354
109356
109358
109359
109360
109361
109362
109363
109364
109365
109366
109367
109368
109369
109370
109371
109372
109374
109376
109378
109436
109438
109440
109442
109443
109444
109445
109446
109447
109448
109449
109450
109451
109452
109453
109454
109455
109456
109458
109460
109462
109527
109528
109529
109530
109531
109532
109533
109534
109535
109536
109537
109538
109539
109540
109604
109608
109611
109612
109613
109614
109615
109616
109617
109618
109619
109620
109621
109622
109623
109624
109628
109716
109720
109723
109725
109726
109727
109729
109730
109731
109732
109733
109734
109735
109736
109737
109738
109739
109740
109741
109742
109743
109744
109745
109747
109748
109749
109754
110936
110940
110941
110942
110943
110945
110946
110947
110948
110949
110950
110951
110952
110953
110954
110955
110956
110957
110958
110959
110960
110961
110963
110964
110965
110967
110968
110970
110974
111034
111038
111039
111040
111041
111042
111043
111044
111045
111046
111047
111048
111049
111050
111051
111052
111054
111058
111123
111124
111125
111126
111127
111128
111129
111130
111131
111132
111133
111134
111135
111136
111200
111202
111204
111206
111207
111208
111209
111210
111211
111212
111213
111214
111215
111216
111217
111218
111219
111220
111222
111224
111226
111284
111286
111288
111290
111291
111292
111293
111294
111295
111296
111297
111298
111299
111300
111301
111302
111303
111304
111306
111308
111310
111368
111370
111372
111374
111375
111376
111377
111378
111379
111380
111381
111382
111383
111384
111385
111386
111387
111388
111390
111392
111394
111459
111460
111461
111462
111463
111464
111465
111466
111467
111468
111469
111470
111471
111472
111536
111540
111543
111544
111545
111546
111547
111548
111549
111550
111551
111552
111553
111554
111555
111556
111560
111648
111652
111655
111657
111658
111659
111661
111662
111663
111664
111665
111666
111667
111668
111669
111670
111671
111672
111673
111674
111675
111676
111677
111679
111680
111681
111686
112868
112872
112873
112874
112875
112877
112878
112879
112880
112881
112882
112883
112884
112885
112886
112887
112888
112889
112890
112891
112892
112893
112895
112896
112897
112899
112900
112902
112906
112966
112970
112971
112972
112973
112974
112975
112976
112977
112978
112979
112980
112981
112982
112983
112984
112986
112990
113055
113056
113057
113058
113059
113060
113061
113062
113063
113064
113065
113066
113067
113068
113132
113134
113136
113138
113139
113140
113141
113142
113143
113144
113145
113146
113147
113148
113149
113150
113151
113152
113154
113156
113158
113216
113218
113220
113222
113223
113224
113225
113226
113227
113228
113229
113230
113231
113232
113233
113234
113235
113236
113238
113240
113242
113300
113302
113304
113306
113307
113308
113309
113310
113311
113312
113313
113314
113315
113316
113317
113318
113319
113320
113322
113324
113326
113391
113392
113393
113394
113395
113396
113397
113398
113399
113400
113401
113402
113403
113404
113468
113472
113475
113476
113477
113478
113479
113480
113481
113482
113483
113484
113485
113486
113487
113488
113492
113580
113584
113587
113589
113590
113591
113593
113594
113595
113596
113597
113598
113599
113600
113601
113602
113603
113604
113605
113606
113607
113608
113609
113611
113612
113613
113618
114800
114804
114805
114806
114807
114809
114810
114811
114812
114813
114814
114815
114816
114817
114818
114819
114820
114821
114822
114823
114824
114825
114827
114828
114829
114831
114832
114834
114838
114898
114902
114903
114904
114905
114906
114907
114908
114909
114910
114911
114912
114913
114914
114915
114916
114918
114922
114987
114988
114989
114990
114991
114992
114993
114994
114995
114996
114997
114998
114999
115000
115064
115066
115068
115070
115071
115072
115073
115074
115075
115076
115077
115078
115079
115080
115081
115082
115083
115084
115086
115088
115090
115148
115150
115152
115154
115155
115156
115157
115158
115159
115160
115161
115162
115163
115164
115165
115166
115167
115168
115170
115172
115174
115232
115234
115236
115238
115239
115240
115241
115242
115243
115244
115245
115246
115247
115248
115249
115250
115251
115252
115254
115256
115258
115323
115324
115325
115326
115327
115328
115329
115330
115331
115332
115333
115334
115335
115336
115400
115404
115407
115408
115409
115410
115411
115412
115413
115414
115415
115416
115417
115418
115419
115420
115424
115512
115516
115519
115521
115522
115523
115525
115526
115527
115528
115529
115530
115531
115532
115533
115534
115535
115536
115537
115538
115539
115540
115541
115543
115544
115545
115550
116732
116736
116737
116738
116739
116741
116742
116743
116744
116745
116746
116747
116748
116749
116750
116751
116752
116753
116754
116755
116756
116757
116759
116760
116761
116763
116764
116766
116770
116830
116834
116835
116836
116837
116838
116839
116840
116841
116842
116843
116844
116845
116846
116847
116848
116850
116854
116919
116920
116921
116922
116923
116924
116925
116926
116927
116928
116929
116930
116931
116932
116996
116998
117000
117002
117003
117004
117005
117006
117007
117008
117009
117010
117011
117012
117013
117014
117015
117016
117018
117020
117022
117080
117082
117084
117086
117087
117088
117089
117090
117091
117092
117093
117094
117095
117096
117097
117098
117099
117100
117102
117104
117106
117164
117166
117168
117170
117171
117172
117173
117174
117175
117176
117177
117178
117179
117180
117181
117182
117183
117184
117186
117188
117190
117255
117256
117257
117258
117259
117260
117261
117262
117263
117264
117265
117266
117267
117268
117332
117336
117339
117340
117341
117342
117343
117344
117345
117346
117347
117348
117349
117350
117351
117352
117356
117444
117448
117451
117453
117454
117455
117457
117458
117459
117460
117461
117462
117463
117464
117465
117466
117467
117468
117469
117470
117471
117472
117473
117475
117476
117477
117482
118664
118668
118669
118670
118671
118673
118674
118675
118676
118677
118678
118679
118680
118681
118682
118683
118684
118685
118686
118687
118688
118689
118691
118692
118693
118695
118696
118698
118702
118762
118766
118767
118768
118769
118770
118771
118772
118773
118774
118775
118776
118777
118778
118779
118780
118782
118786
118851
118852
118853
118854
118855
118856
118857
118858
118859
118860
118861
118862
118863
118864
118928
118930
118932
118934
118935
118936
118937
118938
118939
118940
118941
118942
118943
118944
118945
118946
118947
118948
118950
118952
118954
119012
119014
119016
119018
119019
119020
119021
119022
119023
119024
119025
119026
119027
119028
119029
119030
119031
119032
119034
119036
119038
119096
119098
119100
119102
119103
119104
119105
119106
119107
119108
119109
119110
119111
119112
119113
119114
119115
119116
119118
119120
119122
119187
119188
119189
119190
119191
119192
119193
119194
119195
119196
119197
119198
119199
119200
119264
119268
119271
119272
119273
119274
119275
119276
119277
119278
119279
119280
119281
119282
119283
119284
119288
119376
119380
119383
119385
119386
119387
119389
119390
119391
119392
119393
119394
119395
119396
119397
119398
119399
119400
119401
119402
119403
119404
119405
119407
119408
119409
119414
120596
120600
120601
120602
120603
120605
120606
120607
120608
120609
120610
120611
120612
120613
120614
120615
120616
120617
120618
120619
120620
120621
120623
120624
120625
120627
120628
120630
120634
120694
120698
120699
120700
120701
120702
120703
120704
120705
120706
120707
120708
120709
120710
120711
120712
120714
120718
120783
120784
120785
120786
120787
120788
120789
120790
120791
120792
120793
120794
120795
120796
120860
120862
120864
120866
120867
120868
120869
120870
120871
120872
120873
120874
120875
120876
120877
120878
120879
120880
120882
120884
120886
120944
120946
120948
120950
120951
120952
120953
120954
120955
120956
120957
120958
120959
120960
120961
120962
120963
120964
120966
120968
120970
121028
121030
121032
121034
121035
121036
121037
121038
121039
121040
121041
121042
121043
121044
121045
121046
121047
121048
121050
121052
121054
121119
121120
121121
121122
121123
121124
121125
121126
121127
121128
121129
121130
121131
121132
121196
121200
121203
121204
121205
121206
121207
121208
121209
121210
121211
121212
121213
121214
121215
121216
121220
121308
121312
121315
121317
121318
121319
121321
121322
121323
121324
121325
121326
121327
121328
121329
121330
121331
121332
121333
121334
121335
121336
121337
121339
121340
121341
121346
122528
122532
122533
122534
122535
122537
122538
122539
122540
122541
122542
122543
122544
122545
122546
122547
122548
122549
122550
122551
122552
122553
122555
122556
122557
122559
122560
122562
122566
122626
122630
122631
122632
122633
122634
122635
122636
122637
122638
122639
122640
122641
122642
122643
122644
122646
122650
122715
122716
122717
122718
122719
122720
122721
122722
122723
122724
122725
122726
122727
122728
122792
122794
122796
122798
122799
122800
122801
122802
122803
122804
122805
122806
122807
122808
122809
122810
122811
122812
122814
122816
122818
122876
122878
122880
122882
122883
122884
122885
122886
122887
122888
122889
122890
122891
122892
122893
122894
122895
122896
122898
122900
122902
122960
122962
122964
122966
122967
122968
122969
122970
122971
122972
122973
122974
122975
122976
122977
122978
122979
122980
122982
122984
122986
123051
123052
123053
123054
123055
123056
123057
123058
123059
123060
123061
123062
123063
123064
123128
123132
123135
123136
123137
123138
123139
123140
123141
123142
123143
123144
123145
123146
123147
123148
123152
123240
123244
123247
123249
123250
123251
123253
123254
123255
123256
123257
123258
123259
123260
123261
123262
123263
123264
123265
123266
123267
123268
123269
123271
123272
123273
123278
124460
124464
124465
124466
124467
124469
124470
124471
124472
124473
124474
124475
124476
124477
124478
124479
124480
124481
124482
124483
124484
124485
124487
124488
124489
124491
124492
124494
124498
124558
124562
124563
124564
124565
124566
124567
124568
124569
124570
124571
124572
124573
124574
124575
124576
124578
124582
124647
124648
124649
124650
124651
124652
124653
124654
124655
124656
124657
124658
124659
124660
124724
124726
124728
124730
124731
124732
124733
124734
124735
124736
124737
124738
124739
124740
124741
124742
124743
124744
124746
124748
124750
124808
124810
124812
124814
124815
124816
124817
124818
124819
124820
124821
124822
124823
124824
124825
124826
124827
124828
124830
124832
124834
124892
124894
124896
124898
124899
124900
124901
124902
124903
124904
124905
124906
124907
124908
124909
124910
124911
124912
124914
124916
124918
124983
124984
124985
124986
124987
124988
124989
124990
124991
124992
124993
124994
124995
124996
125060
125064
125067
125068
125069
125070
125071
125072
125073
125074
125075
125076
125077
125078
125079
125080
125084
125172
125176
125179
125181
125182
125183
125185
125186
125187
125188
125189
125190
125191
125192
125193
125194
125195
125196
125197
125198
125199
125200
125201
125203
125204
125205
125210
126392
126396
126397
126398
126399
126401
126402
126403
126404
126405
126406
126407
126408
126409
126410
126411
126412
126413
126414
126415
126416
126417
126419
126420
126421
126423
126424
126426
126430
126490
126494
126495
126496
126497
126498
126499
126500
126501
126502
126503
126504
126505
126506
126507
126508
126510
126514
126579
126580
126581
126582
126583
126584
126585
126586
126587
126588
126589
126590
126591
126592
126656
126658
126660
126662
126663
126664
126665
126666
126667
126668
126669
126670
126671
126672
126673
126674
126675
126676
126678
126680
126682
126740
126742
126744
126746
126747
126748
126749
126750
126751
126752
126753
126754
126755
126756
126757
126758
126759
126760
126762
126764
126766
126824
126826
126828
126830
126831
126832
126833
126834
126835
126836
126837
126838
126839
126840
126841
126842
126843
126844
126846
126848
126850
126915
126916
126917
126918
126919
126920
126921
126922
126923
126924
126925
126926
126927
126928
126992
126996
126999
127000
127001
127002
127003
127004
127005
127006
127007
127008
127009
127010
127011
127012
127016
127104
127108
127111
127113
127114
127115
127117
127118
127119
127120
127121
127122
127123
127124
127125
127126
127127
127128
127129
127130
127131
127132
127133
127135
127136
127137
127142
128324
128328
128329
128330
128331
128333
128334
128335
128336
128337
128338
128339
128340
128341
128342
128343
128344
128345
128346
128347
128348
128349
128351
128352
128353
128355
128356
128358
128362
128422
128426
128427
128428
128429
128430
128431
128432
128433
128434
128435
128436
128437
128438
128439
128440
128442
128446
128511
128512
128513
128514
128515
128516
128517
128518
128519
128520
128521
128522
128523
128524
128588
128590
128592
128594
128595
128596
128597
128598
128599
128600
128601
128602
128603
128604
128605
128606
128607
128608
128610
128612
128614
128672
128674
128676
128678
128679
128680
128681
128682
128683
128684
128685
128686
128687
128688
128689
128690
128691
128692
128694
128696
128698
128756
128758
128760
128762
128763
128764
128765
128766
128767
128768
128769
128770
128771
128772
128773
128774
128775
128776
128778
128780
128782
128847
128848
128849
128850
128851
128852
128853
128854
128855
128856
128857
128858
128859
128860
128924
128928
128931
128932
128933
128934
128935
128936
128937
128938
128939
128940
128941
128942
128943
128944
128948
129036
129040
129043
129045
129046
129047
129049
129050
129051
129052
129053
129054
129055
129056
129057
129058
129059
129060
129061
129062
129063
129064
129065
129067
129068
129069
129074
130256
130260
130261
130262
130263
130265
130266
130267
130268
130269
130270
130271
130272
130273
130274
130275
130276
130277
130278
130279
130280
130281
130283
130284
130285
130287
130288
130290
130294
130354
130358
130359
130360
130361
130362
130363
130364
130365
130366
130367
130368
130369
130370
130371
130372
130374
130378
130443
130444
130445
130446
130447
130448
130449
130450
130451
130452
130453
130454
130455
130456
130520
130522
130524
130526
130527
130528
130529
130530
130531
130532
130533
130534
130535
130536
130537
130538
130539
130540
130542
130544
130546
130604
130606
130608
130610
130611
130612
130613
130614
130615
130616
130617
130618
130619
130620
130621
130622
130623
130624
130626
130628
130630
130688
130690
130692
130694
130695
130696
130697
130698
130699
130700
130701
130702
130703
130704
130705
130706
130707
130708
130710
130712
130714
130779
130780
130781
130782
130783
130784
130785
130786
130787
130788
130789
130790
130791
130792
130856
130860
130863
130864
130865
130866
130867
130868
130869
130870
130871
130872
130873
130874
130875
130876
130880
130968
130972
130975
130977
130978
130979
130981
130982
130983
130984
130985
130986
130987
130988
130989
130990
130991
130992
130993
130994
130995
130996
130997
130999
131000
131001
131006
132188
132192
132193
132194
132195
132197
132198
132199
132200
132201
132202
132203
132204
132205
132206
132207
132208
132209
132210
132211
132212
132213
132215
132216
132217
132219
132220
132222
132226
132286
132290
132291
132292
132293
132294
132295
132296
132297
132298
132299
132300
132301
132302
132303
132304
132306
132310
132375
132376
132377
132378
132379
132380
132381
132382
132383
132384
132385
132386
132387
132388
132452
132454
132456
132458
132459
132460
132461
132462
132463
132464
132465
132466
132467
132468
132469
132470
132471
132472
132474
132476
132478
132536
132538
132540
132542
132543
132544
132545
132546
132547
132548
132549
132550
132551
132552
132553
132554
132555
132556
132558
132560
132562
132620
132622
132624
132626
132627
132628
132629
132630
132631
132632
132633
132634
132635
132636
132637
132638
132639
132640
132642
132644
132646
132711
132712
132713
132714
132715
132716
132717
132718
132719
132720
132721
132722
132723
132724
132788
132792
132795
132796
132797
132798
132799
132800
132801
132802
132803
132804
132805
132806
132807
132808
132812
132900
132904
132907
132909
132910
132911
132913
132914
132915
132916
132917
132918
132919
132920
132921
132922
132923
132924
132925
132926
132927
132928
132929
132931
132932
132933
132938
134120
134124
134125
134126
134127
134129
134130
134131
134132
134133
134134
134135
134136
134137
134138
134139
134140
134141
134142
134143
134144
134145
134147
134148
134149
134151
134152
134154
134158
134218
134222
134223
134224
134225
134226
134227
134228
134229
134230
134231
134232
134233
134234
134235
134236
134238
134242
134307
134308
134309
134310
134311
134312
134313
134314
134315
134316
134317
134318
134319
134320
134384
134386
134388
134390
134391
134392
134393
134394
134395
134396
134397
134398
134399
134400
134401
134402
134403
134404
134406
134408
134410
134468
134470
134472
134474
134475
134476
134477
134478
134479
134480
134481
134482
134483
134484
134485
134486
134487
134488
134490
134492
134494
134552
134554
134556
134558
134559
134560
134561
134562
134563
134564
134565
134566
134567
134568
134569
134570
134571
134572
134574
134576
134578
134643
134644
134645
134646
134647
134648
134649
134650
134651
134652
134653
134654
134655
134656
134720
134724
134727
134728
134729
134730
134731
134732
134733
134734
134735
134736
134737
134738
134739
134740
134744
134832
134836
134839
134841
134842
134843
134845
134846
134847
134848
134849
134850
134851
134852
134853
134854
134855
134856
134857
134858
134859
134860
134861
134863
134864
134865
134870
136052
136056
136057
136058
136059
136061
136062
136063
136064
136065
136066
136067
136068
136069
136070
136071
136072
136073
136074
136075
136076
136077
136079
136080
136081
136083
136084
136086
136090
136206
136210
136211
136212
136213
136214
136215
136216
136217
136218
136219
136220
136221
136222
136223
136224
136225
136226
136227
136228
136229
136230
136231
136232
136233
136234
136235
136236
136237
136238
136239
136240
136241
136242
136243
136244
136245
136246
136247
136248
136249
136250
136251
136252
136254
136258
136407
136408
136409
136410
136411
136412
136413
136414
136415
136416
136417
136418
136419
136420
136421
136422
136423
136424
136425
136426
136427
136428
136429
136430
136431
136432
136433
136434
136435
136436
136437
136438
136439
136440
136441
136442
136443
136444
136445
136446
136447
136448
136449
136450
136451
136452
136453
136454
136455
136456
136457
136458
136459
136460
136461
136462
136610
136612
136614
136616
136617
136618
136619
136620
136621
136622
136623
136624
136625
136626
136627
136628
136629
136630
136631
136632
136633
136634
136635
136636
136637
136638
136639
136640
136641
136642
136643
136644
136645
136646
136647
136648
136649
136650
136651
136652
136653
136654
136655
136656
136657
136658
136659
136660
136661
136662
136663
136664
136665
136666
136667
136668
136669
136670
136671
136672
136674
136676
136678
136820
136822
136824
136826
136827
136828
136829
136830
136831
136832
136833
136834
136835
136836
136837
136838
136839
136840
136841
136842
136843
136844
136845
136846
136847
136848
136849
136850
136851
136852
136853
136854
136855
136856
136857
136858
136859
136860
136861
136862
136863
136864
136865
136866
136867
136868
136869
136870
136871
136872
136873
136874
136875
136876
136877
136878
136879
136880
136881
136882
136884
136886
136888
137030
137032
137034
137036
137037
137038
137039
137040
137041
137042
137043
137044
137045
137046
137047
137048
137049
137050
137051
137052
137053
137054
137055
137056
137057
137058
137059
137060
137061
137062
137063
137064
137065
137066
137067
137068
137069
137070
137071
137072
137073
137074
137075
137076
137077
137078
137079
137080
137081
137082
137083
137084
137085
137086
137087
137088
137089
137090
137091
137092
137094
137096
137098
137247
137248
137249
137250
137251
137252
137253
137254
137255
137256
137257
137258
137259
137260
137261
137262
137263
137264
137265
137266
137267
137268
137269
137270
137271
137272
137273
137274
137275
137276
137277
137278
137279
137280
137281
137282
137283
137284
137285
137286
137287
137288
137289
137290
137291
137292
137293
137294
137295
137296
137297
137298
137299
137300
137301
137302
137422
137426
137429
137430
137431
137432
137433
137434
137435
137436
137437
137438
137439
137440
137441
137442
137443
137444
137445
137446
137447
137448
137449
137450
137451
137452
137453
137454
137455
137456
137457
137458
137459
137460
137461
137462
137463
137464
137465
137466
137467
137468
137469
137470
137474
137562
137566
137569
137571
137572
137573
137575
137576
137577
137578
137579
137580
137581
137582
137583
137584
137585
137586
137587
137588
137589
137590
137591
137593
137594
137595
137600
139550
139551
139552
139557
139558
139559
139564
139565
139566
139571
139572
139573
139662
139663
139664
139669
139670
139671
139676
139677
139678
139683
139684
139685
139690
139691
139692
139697
139698
139699
139816
139817
139818
139823
139824
139825
139830
139831
139832
139837
139838
139839
139844
139845
139846
139851
139852
139853
139858
139859
139860
139865
139866
139867
139984
139985
139986
139991
139992
139993
139998
139999
140000
140005
140006
140007
140012
140013
140014
140019
140020
140021
140026
140027
140028
140033
140034
140035
140152
140153
140154
140159
140160
140161
140166
140167
140168
140173
140174
140175
140180
140181
140182
140187
140188
140189
140194
140195
140196
140201
140202
140203
140292
140293
140294
140299
140300
140301
140306
140307
140308
140313
140314
140315
140320
140321
140322
140327
140328
140329
140390
140391
140392
140397
140398
140399
140404
140405
140406
140411
140412
140413
141615
141616
141617
141618
141619
141620
141621
141622
141623
141624
141625
141626
141627
141628
141741
141742
141743
141744
141745
141746
141747
141748
141749
141750
141751
141752
141753
141754
142329
142330
142331
142332
142333
142334
142335
142336
142337
142338
142339
142340
142341
142342
142455
142456
142457
142458
142459
142460
142461
142462
142463
142464
142465
142466
142467
142468
143043
143044
143045
143046
143047
143048
143049
143050
143051
143052
143053
143054
143055
143056
143169
143170
143171
143172
143173
143174
143175
143176
143177
143178
143179
143180
143181
143182
143757
143758
143759
143760
143761
143762
143763
143764
143765
143766
143767
143768
143769
143770
143883
143884
143885
143886
143887
143888
143889
143890
143891
143892
143893
143894
143895
143896
144471
144472
144473
144474
144475
144476
144477
144478
144479
144480
144481
144482
144483
144484
144597
144598
144599
144600
144601
144602
144603
144604
144605
144606
144607
144608
144609
144610
145185
145186
145187
145188
145189
145190
145191
145192
145193
145194
145195
145196
145197
145198
145311
145312
145313
145314
145315
145316
145317
145318
145319
145320
145321
145322
145323
145324
145899
145900
145901
145902
145903
145904
145905
145906
145907
145908
145909
145910
145911
145912
146025
146026
146027
146028
146029
146030
146031
146032
146033
146034
146035
146036
146037
146038
146613
146614
146615
146616
146617
146618
146619
146620
146621
146622
146623
146624
146625
146626
146739
146740
146741
146742
146743
146744
146745
146746
146747
146748
146749
146750
146751
146752
147327
147328
147329
147330
147331
147332
147333
147334
147335
147336
147337
147338
147339
147340
147453
147454
147455
147456
147457
147458
147459
147460
147461
147462
147463
147464
147465
147466
148041
148042
148043
148044
148045
148046
148047
148048
148049
148050
148051
148052
148053
148054
148167
148168
148169
148170
148171
148172
148173
148174
148175
148176
148177
148178
148179
148180
148755
148756
148757
148758
148759
148760
148761
148762
148763
148764
148765
148766
148767
148768
148881
148882
148883
148884
148885
148886
148887
148888
148889
148890
148891
148892
148893
148894
149469
149470
149471
149472
149473
149474
149475
149476
149477
149478
149479
149480
149481
149482
149595
149596
149597
149598
149599
149600
149601
149602
149603
149604
149605
149606
149607
149608
150183
150184
150185
150186
150187
150188
150189
150190
150191
150192
150193
150194
150195
150196
150309
150310
150311
150312
150313
150314
150315
150316
150317
150318
150319
150320
150321
150322
150897
150898
150899
150900
150901
150902
150903
150904
150905
150906
150907
150908
150909
150910
151023
151024
151025
151026
151027
151028
151029
151030
151031
151032
151033
151034
151035
151036
151611
151612
151613
151614
151615
151616
151617
151618
151619
151620
151621
151622
151623
151624
151737
151738
151739
151740
151741
151742
151743
151744
151745
151746
151747
151748
151749
151750
152325
152326
152327
152328
152329
152330
152331
152332
152333
152334
152335
152336
152337
152338
152451
152452
152453
152454
152455
152456
152457
152458
152459
152460
152461
152462
152463
152464
153039
153040
153041
153042
153043
153044
153045
153046
153047
153048
153049
153050
153051
153052
153165
153166
153167
153168
153169
153170
153171
153172
153173
153174
153175
153176
153177
153178
153753
153754
153755
153756
153757
153758
153759
153760
153761
153762
153763
153764
153765
153766
153879
153880
153881
153882
153883
153884
153885
153886
153887
153888
153889
153890
153891
153892
154467
154468
154469
154470
154471
154472
154473
154474
154475
154476
154477
154478
154479
154480
154593
154594
154595
154596
154597
154598
154599
154600
154601
154602
154603
154604
154605
154606
155181
155182
155183
155184
155185
155186
155187
155188
155189
155190
155191
155192
155193
155194
155307
155308
155309
155310
155311
155312
155313
155314
155315
155316
155317
155318
155319
155320
155895
155896
155897
155898
155899
155900
155901
155902
155903
155904
155905
155906
155907
155908
156021
156022
156023
156024
156025
156026
156027
156028
156029
156030
156031
156032
156033
156034
156609
156610
156611
156612
156613
156614
156615
156616
156617
156618
156619
156620
156621
156622
156735
156736
156737
156738
156739
156740
156741
156742
156743
156744
156745
156746
156747
156748
157323
157324
157325
157326
157327
157328
157329
157330
157331
157332
157333
157334
157335
157336
157449
157450
157451
157452
157453
157454
157455
157456
157457
157458
157459
157460
157461
157462
158037
158038
158039
158040
158041
158042
158043
158044
158045
158046
158047
158048
158049
158050
158163
158164
158165
158166
158167
158168
158169
158170
158171
158172
158173
158174
158175
158176
158751
158752
158753
158754
158755
158756
158757
158758
158759
158760
158761
158762
158763
158764
158877
158878
158879
158880
158881
158882
158883
158884
158885
158886
158887
158888
158889
158890
159465
159466
159467
159468
159469
159470
159471
159472
159473
159474
159475
159476
159477
159478
159591
159592
159593
159594
159595
159596
159597
159598
159599
159600
159601
159602
159603
159604
160179
160180
160181
160182
160183
160184
160185
160186
160187
160188
160189
160190
160191
160192
160305
160306
160307
160308
160309
160310
160311
160312
160313
160314
160315
160316
160317
160318
160893
160894
160895
160896
160897
160898
160899
160900
160901
160902
160903
160904
160905
160906
161019
161020
161021
161022
161023
161024
161025
161026
161027
161028
161029
161030
161031
161032
161607
161608
161609
161610
161611
161612
161613
161614
161615
161616
161617
161618
161619
161620
161733
161734
161735
161736
161737
161738
161739
161740
161741
161742
161743
161744
161745
161746
162321
162322
162323
162324
162325
162326
162327
162328
162329
162330
162331
162332
162333
162334
162447
162448
162449
162450
162451
162452
162453
162454
162455
162456
162457
162458
162459
162460
163035
163036
163037
163038
163039
163040
163041
163042
163043
163044
163045
163046
163047
163048
163161
163162
163163
163164
163165
163166
163167
163168
163169
163170
163171
163172
163173
163174
)


// ************************************************************************* //
