/*--------------------------------*- C++ -*----------------------------------*\
| =========                 |                                                 |
| \\      /  F ield         | OpenFOAM: The Open Source CFD Toolbox           |
|  \\    /   O peration     | Version:  2606                                  |
|   \\  /    A nd           | Website:  www.openfoam.com                      |
|    \\/     M anipulation  |                                                 |
\*---------------------------------------------------------------------------*/
FoamFile
{
    version     2.0;
    format      ascii;
    arch        "LSB;label=32;scalar=64";
    class       labelList;
    location    "constant/cell2/polyMesh";
    object      pointRegionAddressing;
}
// * * * * * * * * * * * * * * * * * * * * * * * * * * * * * * * * * * * * * //


13138
(
236
237
238
325
326
327
328
329
330
331
415
416
417
418
419
420
421
422
423
506
507
508
509
510
511
512
513
514
597
598
599
600
601
602
603
604
605
688
689
690
691
692
693
694
695
696
779
780
781
782
783
784
785
786
787
870
871
872
873
874
875
876
877
878
962
963
964
965
966
967
968
1055
1056
1057
2420
2421
2422
2509
2510
2511
2512
2513
2514
2515
2599
2600
2601
2602
2603
2604
2605
2606
2607
2690
2691
2692
2693
2694
2695
2696
2697
2698
2781
2782
2783
2784
2785
2786
2787
2788
2789
2872
2873
2874
2875
2876
2877
2878
2879
2880
2963
2964
2965
2966
2967
2968
2969
2970
2971
3054
3055
3056
3057
3058
3059
3060
3061
3062
3146
3147
3148
3149
3150
3151
3152
3239
3240
3241
4604
4605
4606
4693
4694
4695
4696
4697
4698
4699
4783
4784
4785
4786
4787
4788
4789
4790
4791
4874
4875
4876
4877
4878
4879
4880
4881
4882
4965
4966
4967
4968
4969
4970
4971
4972
4973
5056
5057
5058
5059
5060
5061
5062
5063
5064
5147
5148
5149
5150
5151
5152
5153
5154
5155
5238
5239
5240
5241
5242
5243
5244
5245
5246
5330
5331
5332
5333
5334
5335
5336
5423
5424
5425
6788
6789
6790
6877
6878
6879
6880
6881
6882
6883
6967
6968
6969
6970
6971
6972
6973
6974
6975
7058
7059
7060
7061
7062
7063
7064
7065
7066
7149
7150
7151
7152
7153
7154
7155
7156
7157
7240
7241
7242
7243
7244
7245
7246
7247
7248
7331
7332
7333
7334
7335
7336
7337
7338
7339
7422
7423
7424
7425
7426
7427
7428
7429
7430
7514
7515
7516
7517
7518
7519
7520
7607
7608
7609
8972
8973
8974
9061
9062
9063
9064
9065
9066
9067
9151
9152
9153
9154
9155
9156
9157
9158
9159
9242
9243
9244
9245
9246
9247
9248
9249
9250
9333
9334
9335
9336
9337
9338
9339
9340
9341
9424
9425
9426
9427
9428
9429
9430
9431
9432
9515
9516
9517
9518
9519
9520
9521
9522
9523
9606
9607
9608
9609
9610
9611
9612
9613
9614
9698
9699
9700
9701
9702
9703
9704
9791
9792
9793
11156
11157
11158
11245
11246
11247
11248
11249
11250
11251
11335
11336
11337
11338
11339
11340
11341
11342
11343
11426
11427
11428
11429
11430
11431
11432
11433
11434
11517
11518
11519
11520
11521
11522
11523
11524
11525
11608
11609
11610
11611
11612
11613
11614
11615
11616
11699
11700
11701
11702
11703
11704
11705
11706
11707
11790
11791
11792
11793
11794
11795
11796
11797
11798
11882
11883
11884
11885
11886
11887
11888
11975
11976
11977
13340
13341
13342
13429
13430
13431
13432
13433
13434
13435
13519
13520
13521
13522
13523
13524
13525
13526
13527
13610
13611
13612
13613
13614
13615
13616
13617
13618
13701
13702
13703
13704
13705
13706
13707
13708
13709
13792
13793
13794
13795
13796
13797
13798
13799
13800
13883
13884
13885
13886
13887
13888
13889
13890
13891
13974
13975
13976
13977
13978
13979
13980
13981
13982
14066
14067
14068
14069
14070
14071
14072
14159
14160
14161
15524
15525
15526
15613
15614
15615
15616
15617
15618
15619
15703
15704
15705
15706
15707
15708
15709
15710
15711
15794
15795
15796
15797
15798
15799
15800
15801
15802
15885
15886
15887
15888
15889
15890
15891
15892
15893
15976
15977
15978
15979
15980
15981
15982
15983
15984
16067
16068
16069
16070
16071
16072
16073
16074
16075
16158
16159
16160
16161
16162
16163
16164
16165
16166
16250
16251
16252
16253
16254
16255
16256
16343
16344
16345
17708
17709
17710
17797
17798
17799
17800
17801
17802
17803
17887
17888
17889
17890
17891
17892
17893
17894
17895
17978
17979
17980
17981
17982
17983
17984
17985
17986
18069
18070
18071
18072
18073
18074
18075
18076
18077
18160
18161
18162
18163
18164
18165
18166
18167
18168
18251
18252
18253
18254
18255
18256
18257
18258
18259
18342
18343
18344
18345
18346
18347
18348
18349
18350
18434
18435
18436
18437
18438
18439
18440
18527
18528
18529
19892
19893
19894
19981
19982
19983
19984
19985
19986
19987
20071
20072
20073
20074
20075
20076
20077
20078
20079
20162
20163
20164
20165
20166
20167
20168
20169
20170
20253
20254
20255
20256
20257
20258
20259
20260
20261
20344
20345
20346
20347
20348
20349
20350
20351
20352
20435
20436
20437
20438
20439
20440
20441
20442
20443
20526
20527
20528
20529
20530
20531
20532
20533
20534
20618
20619
20620
20621
20622
20623
20624
20711
20712
20713
22076
22077
22078
22165
22166
22167
22168
22169
22170
22171
22255
22256
22257
22258
22259
22260
22261
22262
22263
22346
22347
22348
22349
22350
22351
22352
22353
22354
22437
22438
22439
22440
22441
22442
22443
22444
22445
22528
22529
22530
22531
22532
22533
22534
22535
22536
22619
22620
22621
22622
22623
22624
22625
22626
22627
22710
22711
22712
22713
22714
22715
22716
22717
22718
22802
22803
22804
22805
22806
22807
22808
22895
22896
22897
24260
24261
24262
24349
24350
24351
24352
24353
24354
24355
24439
24440
24441
24442
24443
24444
24445
24446
24447
24530
24531
24532
24533
24534
24535
24536
24537
24538
24621
24622
24623
24624
24625
24626
24627
24628
24629
24712
24713
24714
24715
24716
24717
24718
24719
24720
24803
24804
24805
24806
24807
24808
24809
24810
24811
24894
24895
24896
24897
24898
24899
24900
24901
24902
24986
24987
24988
24989
24990
24991
24992
25079
25080
25081
26444
26445
26446
26533
26534
26535
26536
26537
26538
26539
26623
26624
26625
26626
26627
26628
26629
26630
26631
26714
26715
26716
26717
26718
26719
26720
26721
26722
26805
26806
26807
26808
26809
26810
26811
26812
26813
26896
26897
26898
26899
26900
26901
26902
26903
26904
26987
26988
26989
26990
26991
26992
26993
26994
26995
27078
27079
27080
27081
27082
27083
27084
27085
27086
27170
27171
27172
27173
27174
27175
27176
27263
27264
27265
28628
28629
28630
28717
28718
28719
28720
28721
28722
28723
28807
28808
28809
28810
28811
28812
28813
28814
28815
28898
28899
28900
28901
28902
28903
28904
28905
28906
28989
28990
28991
28992
28993
28994
28995
28996
28997
29080
29081
29082
29083
29084
29085
29086
29087
29088
29171
29172
29173
29174
29175
29176
29177
29178
29179
29262
29263
29264
29265
29266
29267
29268
29269
29270
29354
29355
29356
29357
29358
29359
29360
29447
29448
29449
30812
30813
30814
30901
30902
30903
30904
30905
30906
30907
30991
30992
30993
30994
30995
30996
30997
30998
30999
31082
31083
31084
31085
31086
31087
31088
31089
31090
31173
31174
31175
31176
31177
31178
31179
31180
31181
31264
31265
31266
31267
31268
31269
31270
31271
31272
31355
31356
31357
31358
31359
31360
31361
31362
31363
31446
31447
31448
31449
31450
31451
31452
31453
31454
31538
31539
31540
31541
31542
31543
31544
31631
31632
31633
32996
32997
32998
33085
33086
33087
33088
33089
33090
33091
33175
33176
33177
33178
33179
33180
33181
33182
33183
33266
33267
33268
33269
33270
33271
33272
33273
33274
33357
33358
33359
33360
33361
33362
33363
33364
33365
33448
33449
33450
33451
33452
33453
33454
33455
33456
33539
33540
33541
33542
33543
33544
33545
33546
33547
33630
33631
33632
33633
33634
33635
33636
33637
33638
33722
33723
33724
33725
33726
33727
33728
33815
33816
33817
35180
35181
35182
35269
35270
35271
35272
35273
35274
35275
35359
35360
35361
35362
35363
35364
35365
35366
35367
35450
35451
35452
35453
35454
35455
35456
35457
35458
35541
35542
35543
35544
35545
35546
35547
35548
35549
35632
35633
35634
35635
35636
35637
35638
35639
35640
35723
35724
35725
35726
35727
35728
35729
35730
35731
35814
35815
35816
35817
35818
35819
35820
35821
35822
35906
35907
35908
35909
35910
35911
35912
35999
36000
36001
37364
37365
37366
37453
37454
37455
37456
37457
37458
37459
37543
37544
37545
37546
37547
37548
37549
37550
37551
37634
37635
37636
37637
37638
37639
37640
37641
37642
37725
37726
37727
37728
37729
37730
37731
37732
37733
37816
37817
37818
37819
37820
37821
37822
37823
37824
37907
37908
37909
37910
37911
37912
37913
37914
37915
37998
37999
38000
38001
38002
38003
38004
38005
38006
38090
38091
38092
38093
38094
38095
38096
38183
38184
38185
39548
39549
39550
39637
39638
39639
39640
39641
39642
39643
39727
39728
39729
39730
39731
39732
39733
39734
39735
39818
39819
39820
39821
39822
39823
39824
39825
39826
39909
39910
39911
39912
39913
39914
39915
39916
39917
40000
40001
40002
40003
40004
40005
40006
40007
40008
40091
40092
40093
40094
40095
40096
40097
40098
40099
40182
40183
40184
40185
40186
40187
40188
40189
40190
40274
40275
40276
40277
40278
40279
40280
40367
40368
40369
41732
41733
41734
41821
41822
41823
41824
41825
41826
41827
41911
41912
41913
41914
41915
41916
41917
41918
41919
42002
42003
42004
42005
42006
42007
42008
42009
42010
42093
42094
42095
42096
42097
42098
42099
42100
42101
42184
42185
42186
42187
42188
42189
42190
42191
42192
42275
42276
42277
42278
42279
42280
42281
42282
42283
42366
42367
42368
42369
42370
42371
42372
42373
42374
42458
42459
42460
42461
42462
42463
42464
42551
42552
42553
43916
43917
43918
44005
44006
44007
44008
44009
44010
44011
44095
44096
44097
44098
44099
44100
44101
44102
44103
44186
44187
44188
44189
44190
44191
44192
44193
44194
44277
44278
44279
44280
44281
44282
44283
44284
44285
44368
44369
44370
44371
44372
44373
44374
44375
44376
44459
44460
44461
44462
44463
44464
44465
44466
44467
44550
44551
44552
44553
44554
44555
44556
44557
44558
44642
44643
44644
44645
44646
44647
44648
44735
44736
44737
46100
46101
46102
46189
46190
46191
46192
46193
46194
46195
46279
46280
46281
46282
46283
46284
46285
46286
46287
46370
46371
46372
46373
46374
46375
46376
46377
46378
46461
46462
46463
46464
46465
46466
46467
46468
46469
46552
46553
46554
46555
46556
46557
46558
46559
46560
46643
46644
46645
46646
46647
46648
46649
46650
46651
46734
46735
46736
46737
46738
46739
46740
46741
46742
46826
46827
46828
46829
46830
46831
46832
46919
46920
46921
48284
48285
48286
48373
48374
48375
48376
48377
48378
48379
48463
48464
48465
48466
48467
48468
48469
48470
48471
48554
48555
48556
48557
48558
48559
48560
48561
48562
48645
48646
48647
48648
48649
48650
48651
48652
48653
48736
48737
48738
48739
48740
48741
48742
48743
48744
48827
48828
48829
48830
48831
48832
48833
48834
48835
48918
48919
48920
48921
48922
48923
48924
48925
48926
49010
49011
49012
49013
49014
49015
49016
49103
49104
49105
50468
50469
50470
50557
50558
50559
50560
50561
50562
50563
50647
50648
50649
50650
50651
50652
50653
50654
50655
50738
50739
50740
50741
50742
50743
50744
50745
50746
50829
50830
50831
50832
50833
50834
50835
50836
50837
50920
50921
50922
50923
50924
50925
50926
50927
50928
51011
51012
51013
51014
51015
51016
51017
51018
51019
51102
51103
51104
51105
51106
51107
51108
51109
51110
51194
51195
51196
51197
51198
51199
51200
51287
51288
51289
52652
52653
52654
52741
52742
52743
52744
52745
52746
52747
52831
52832
52833
52834
52835
52836
52837
52838
52839
52922
52923
52924
52925
52926
52927
52928
52929
52930
53013
53014
53015
53016
53017
53018
53019
53020
53021
53104
53105
53106
53107
53108
53109
53110
53111
53112
53195
53196
53197
53198
53199
53200
53201
53202
53203
53286
53287
53288
53289
53290
53291
53292
53293
53294
53378
53379
53380
53381
53382
53383
53384
53471
53472
53473
54836
54837
54838
54925
54926
54927
54928
54929
54930
54931
55015
55016
55017
55018
55019
55020
55021
55022
55023
55106
55107
55108
55109
55110
55111
55112
55113
55114
55197
55198
55199
55200
55201
55202
55203
55204
55205
55288
55289
55290
55291
55292
55293
55294
55295
55296
55379
55380
55381
55382
55383
55384
55385
55386
55387
55470
55471
55472
55473
55474
55475
55476
55477
55478
55562
55563
55564
55565
55566
55567
55568
55655
55656
55657
57020
57021
57022
57109
57110
57111
57112
57113
57114
57115
57199
57200
57201
57202
57203
57204
57205
57206
57207
57290
57291
57292
57293
57294
57295
57296
57297
57298
57381
57382
57383
57384
57385
57386
57387
57388
57389
57472
57473
57474
57475
57476
57477
57478
57479
57480
57563
57564
57565
57566
57567
57568
57569
57570
57571
57654
57655
57656
57657
57658
57659
57660
57661
57662
57746
57747
57748
57749
57750
57751
57752
57839
57840
57841
59204
59205
59206
59293
59294
59295
59296
59297
59298
59299
59383
59384
59385
59386
59387
59388
59389
59390
59391
59474
59475
59476
59477
59478
59479
59480
59481
59482
59565
59566
59567
59568
59569
59570
59571
59572
59573
59656
59657
59658
59659
59660
59661
59662
59663
59664
59747
59748
59749
59750
59751
59752
59753
59754
59755
59838
59839
59840
59841
59842
59843
59844
59845
59846
59930
59931
59932
59933
59934
59935
59936
60023
60024
60025
61388
61389
61390
61477
61478
61479
61480
61481
61482
61483
61567
61568
61569
61570
61571
61572
61573
61574
61575
61658
61659
61660
61661
61662
61663
61664
61665
61666
61749
61750
61751
61752
61753
61754
61755
61756
61757
61840
61841
61842
61843
61844
61845
61846
61847
61848
61931
61932
61933
61934
61935
61936
61937
61938
61939
62022
62023
62024
62025
62026
62027
62028
62029
62030
62114
62115
62116
62117
62118
62119
62120
62207
62208
62209
63572
63573
63574
63661
63662
63663
63664
63665
63666
63667
63751
63752
63753
63754
63755
63756
63757
63758
63759
63842
63843
63844
63845
63846
63847
63848
63849
63850
63933
63934
63935
63936
63937
63938
63939
63940
63941
64024
64025
64026
64027
64028
64029
64030
64031
64032
64115
64116
64117
64118
64119
64120
64121
64122
64123
64206
64207
64208
64209
64210
64211
64212
64213
64214
64298
64299
64300
64301
64302
64303
64304
64391
64392
64393
65756
65757
65758
65845
65846
65847
65848
65849
65850
65851
65935
65936
65937
65938
65939
65940
65941
65942
65943
66026
66027
66028
66029
66030
66031
66032
66033
66034
66117
66118
66119
66120
66121
66122
66123
66124
66125
66208
66209
66210
66211
66212
66213
66214
66215
66216
66299
66300
66301
66302
66303
66304
66305
66306
66307
66390
66391
66392
66393
66394
66395
66396
66397
66398
66482
66483
66484
66485
66486
66487
66488
66575
66576
66577
67940
67941
67942
68029
68030
68031
68032
68033
68034
68035
68119
68120
68121
68122
68123
68124
68125
68126
68127
68210
68211
68212
68213
68214
68215
68216
68217
68218
68301
68302
68303
68304
68305
68306
68307
68308
68309
68392
68393
68394
68395
68396
68397
68398
68399
68400
68483
68484
68485
68486
68487
68488
68489
68490
68491
68574
68575
68576
68577
68578
68579
68580
68581
68582
68666
68667
68668
68669
68670
68671
68672
68759
68760
68761
70124
70125
70126
70213
70214
70215
70216
70217
70218
70219
70303
70304
70305
70306
70307
70308
70309
70310
70311
70394
70395
70396
70397
70398
70399
70400
70401
70402
70485
70486
70487
70488
70489
70490
70491
70492
70493
70576
70577
70578
70579
70580
70581
70582
70583
70584
70667
70668
70669
70670
70671
70672
70673
70674
70675
70758
70759
70760
70761
70762
70763
70764
70765
70766
70850
70851
70852
70853
70854
70855
70856
70943
70944
70945
80820
80821
80822
80823
80824
80825
80834
80835
80836
80837
80847
80848
80854
80855
80860
80861
80866
80867
80877
80878
80888
80889
80890
80891
80904
80905
80906
80907
80908
80909
81057
81058
81060
81061
81062
81063
81064
81065
81066
81067
81068
81070
81123
81124
81125
81126
81127
81128
81129
81130
81131
81132
81133
81134
81135
81136
81137
81139
81140
81182
81183
81184
81185
81186
81187
81188
81189
81190
81191
81192
81193
81195
81196
81223
81226
81227
81228
81229
81230
81231
81232
81233
81234
81253
81256
81257
81258
81259
81260
81279
81282
81283
81284
81285
81286
81317
81320
81321
81322
81323
81324
81325
81326
81327
81328
81329
81330
81373
81375
81376
81377
81378
81379
81380
81381
81382
81383
81384
81385
81386
81389
81441
81443
81444
81445
81446
81447
81448
81449
81450
81451
81452
81453
81454
81455
81456
81457
81458
81461
81491
81493
81495
81496
81498
81499
81501
82600
82601
82602
82603
82604
82605
82614
82615
82616
82617
82627
82628
82634
82635
82640
82641
82646
82647
82657
82658
82668
82669
82670
82671
82684
82685
82686
82687
82688
82689
82807
82808
82809
82810
82856
82857
82859
82860
82862
82863
82865
82866
82868
82869
82872
82909
82910
82912
82913
82915
82916
82917
82920
82950
82951
82953
82954
82956
82957
82958
82961
82978
82979
82981
82983
83000
83001
83003
83005
83026
83027
83029
83030
83031
83033
83066
83069
83070
83072
83073
83074
83075
83076
83118
83121
83122
83124
83125
83126
83127
83128
83129
83130
83174
83177
83178
83180
83181
83183
83184
83186
83187
83649
83650
83651
83652
83653
83654
83663
83664
83665
83666
83676
83677
83687
83688
83689
83690
83699
83700
83701
83702
83711
83712
83713
83714
83724
83725
83735
83736
83737
83738
83751
83752
83753
83754
83755
83756
83925
83926
83927
83928
83929
83930
83939
83940
83941
83942
83952
83953
83963
83964
83965
83966
83975
83976
83977
83978
83987
83988
83989
83990
84000
84001
84011
84012
84013
84014
84027
84028
84029
84030
84031
84032
84201
84202
84203
84204
84205
84206
84215
84216
84217
84218
84228
84229
84239
84240
84241
84242
84251
84252
84253
84254
84263
84264
84265
84266
84276
84277
84287
84288
84289
84290
84303
84304
84305
84306
84307
84308
84477
84478
84479
84480
84481
84482
84491
84492
84493
84494
84504
84505
84515
84516
84517
84518
84527
84528
84529
84530
84539
84540
84541
84542
84552
84553
84563
84564
84565
84566
84579
84580
84581
84582
84583
84584
84753
84754
84755
84756
84757
84758
84767
84768
84769
84770
84780
84781
84791
84792
84793
84794
84803
84804
84805
84806
84815
84816
84817
84818
84828
84829
84839
84840
84841
84842
84855
84856
84857
84858
84859
84860
85029
85030
85031
85032
85033
85034
85043
85044
85045
85046
85056
85057
85067
85068
85069
85070
85079
85080
85081
85082
85091
85092
85093
85094
85104
85105
85115
85116
85117
85118
85131
85132
85133
85134
85135
85136
85305
85306
85307
85308
85309
85310
85319
85320
85321
85322
85332
85333
85343
85344
85345
85346
85355
85356
85357
85358
85367
85368
85369
85370
85380
85381
85391
85392
85393
85394
85407
85408
85409
85410
85411
85412
85581
85582
85583
85584
85585
85586
85595
85596
85597
85598
85608
85609
85619
85620
85621
85622
85631
85632
85633
85634
85643
85644
85645
85646
85656
85657
85667
85668
85669
85670
85683
85684
85685
85686
85687
85688
85857
85858
85859
85860
85861
85862
85871
85872
85873
85874
85884
85885
85895
85896
85897
85898
85907
85908
85909
85910
85919
85920
85921
85922
85932
85933
85943
85944
85945
85946
85959
85960
85961
85962
85963
85964
86133
86134
86135
86136
86137
86138
86147
86148
86149
86150
86160
86161
86171
86172
86173
86174
86183
86184
86185
86186
86195
86196
86197
86198
86208
86209
86219
86220
86221
86222
86235
86236
86237
86238
86239
86240
86409
86410
86411
86412
86413
86414
86423
86424
86425
86426
86436
86437
86447
86448
86449
86450
86459
86460
86461
86462
86471
86472
86473
86474
86484
86485
86495
86496
86497
86498
86511
86512
86513
86514
86515
86516
86685
86686
86687
86688
86689
86690
86699
86700
86701
86702
86712
86713
86723
86724
86725
86726
86735
86736
86737
86738
86747
86748
86749
86750
86760
86761
86771
86772
86773
86774
86787
86788
86789
86790
86791
86792
86961
86962
86963
86964
86965
86966
86975
86976
86977
86978
86988
86989
86999
87000
87001
87002
87011
87012
87013
87014
87023
87024
87025
87026
87036
87037
87047
87048
87049
87050
87063
87064
87065
87066
87067
87068
87237
87238
87239
87240
87241
87242
87251
87252
87253
87254
87264
87265
87275
87276
87277
87278
87287
87288
87289
87290
87299
87300
87301
87302
87312
87313
87323
87324
87325
87326
87339
87340
87341
87342
87343
87344
87513
87514
87515
87516
87517
87518
87527
87528
87529
87530
87540
87541
87551
87552
87553
87554
87563
87564
87565
87566
87575
87576
87577
87578
87588
87589
87599
87600
87601
87602
87615
87616
87617
87618
87619
87620
87789
87790
87791
87792
87793
87794
87803
87804
87805
87806
87816
87817
87827
87828
87829
87830
87839
87840
87841
87842
87851
87852
87853
87854
87864
87865
87875
87876
87877
87878
87891
87892
87893
87894
87895
87896
88065
88066
88067
88068
88069
88070
88079
88080
88081
88082
88092
88093
88103
88104
88105
88106
88115
88116
88117
88118
88127
88128
88129
88130
88140
88141
88151
88152
88153
88154
88167
88168
88169
88170
88171
88172
88341
88342
88343
88344
88345
88346
88355
88356
88357
88358
88368
88369
88379
88380
88381
88382
88391
88392
88393
88394
88403
88404
88405
88406
88416
88417
88427
88428
88429
88430
88443
88444
88445
88446
88447
88448
88617
88618
88619
88620
88621
88622
88631
88632
88633
88634
88644
88645
88655
88656
88657
88658
88667
88668
88669
88670
88679
88680
88681
88682
88692
88693
88703
88704
88705
88706
88719
88720
88721
88722
88723
88724
88893
88894
88895
88896
88897
88898
88907
88908
88909
88910
88920
88921
88931
88932
88933
88934
88943
88944
88945
88946
88955
88956
88957
88958
88968
88969
88979
88980
88981
88982
88995
88996
88997
88998
88999
89000
89169
89170
89171
89172
89173
89174
89183
89184
89185
89186
89196
89197
89207
89208
89209
89210
89219
89220
89221
89222
89231
89232
89233
89234
89244
89245
89255
89256
89257
89258
89271
89272
89273
89274
89275
89276
89445
89446
89447
89448
89449
89450
89459
89460
89461
89462
89472
89473
89483
89484
89485
89486
89495
89496
89497
89498
89507
89508
89509
89510
89520
89521
89531
89532
89533
89534
89547
89548
89549
89550
89551
89552
89721
89722
89723
89724
89725
89726
89735
89736
89737
89738
89748
89749
89759
89760
89761
89762
89771
89772
89773
89774
89783
89784
89785
89786
89796
89797
89807
89808
89809
89810
89823
89824
89825
89826
89827
89828
89997
89998
89999
90000
90001
90002
90011
90012
90013
90014
90024
90025
90035
90036
90037
90038
90047
90048
90049
90050
90059
90060
90061
90062
90072
90073
90083
90084
90085
90086
90099
90100
90101
90102
90103
90104
90273
90274
90275
90276
90277
90278
90287
90288
90289
90290
90300
90301
90311
90312
90313
90314
90323
90324
90325
90326
90335
90336
90337
90338
90348
90349
90359
90360
90361
90362
90375
90376
90377
90378
90379
90380
90549
90550
90551
90552
90553
90554
90563
90564
90565
90566
90576
90577
90587
90588
90589
90590
90599
90600
90601
90602
90611
90612
90613
90614
90624
90625
90635
90636
90637
90638
90651
90652
90653
90654
90655
90656
90825
90826
90827
90828
90829
90830
90839
90840
90841
90842
90852
90853
90863
90864
90865
90866
90875
90876
90877
90878
90887
90888
90889
90890
90900
90901
90911
90912
90913
90914
90927
90928
90929
90930
90931
90932
91101
91102
91103
91104
91105
91106
91115
91116
91117
91118
91128
91129
91139
91140
91141
91142
91151
91152
91153
91154
91163
91164
91165
91166
91176
91177
91187
91188
91189
91190
91203
91204
91205
91206
91207
91208
91377
91378
91379
91380
91381
91382
91391
91392
91393
91394
91404
91405
91415
91416
91417
91418
91427
91428
91429
91430
91439
91440
91441
91442
91452
91453
91463
91464
91465
91466
91479
91480
91481
91482
91483
91484
91653
91654
91655
91656
91657
91658
91667
91668
91669
91670
91680
91681
91691
91692
91693
91694
91703
91704
91705
91706
91715
91716
91717
91718
91728
91729
91739
91740
91741
91742
91755
91756
91757
91758
91759
91760
91929
91930
91931
91932
91933
91934
91943
91944
91945
91946
91956
91957
91967
91968
91969
91970
91979
91980
91981
91982
91991
91992
91993
91994
92004
92005
92015
92016
92017
92018
92031
92032
92033
92034
92035
92036
92205
92206
92207
92208
92209
92210
92227
92228
92229
92230
92231
92232
92233
92234
92256
92257
92258
92259
92260
92261
92262
92263
92285
92286
92287
92288
92289
92290
92291
92292
92293
92294
92315
92316
92317
92318
92319
92320
92321
92322
92323
92324
92345
92346
92347
92348
92349
92350
92351
92352
92353
92354
92376
92377
92378
92379
92380
92381
92382
92383
92401
92402
92403
92404
92405
92406
92407
92408
92421
92422
92423
92424
92425
92426
92705
92706
92707
92708
92721
92722
92723
92724
92725
92726
92743
92744
92745
92746
92747
92748
92749
92750
92767
92768
92769
92770
92771
92772
92773
92774
92791
92792
92793
92794
92795
92796
92797
92798
92811
92812
92813
92814
92815
92816
92825
92826
92827
92828
93064
93065
93067
93068
93069
93070
93071
93072
93073
93074
93075
93077
93130
93131
93132
93133
93134
93135
93136
93137
93138
93139
93140
93141
93142
93143
93144
93146
93147
93189
93190
93191
93192
93193
93194
93195
93196
93197
93198
93199
93200
93202
93203
93234
93237
93238
93239
93240
93241
93242
93243
93244
93245
93246
93247
93278
93281
93282
93283
93284
93285
93286
93287
93288
93289
93290
93291
93322
93325
93326
93327
93328
93329
93330
93331
93332
93333
93334
93335
93366
93369
93370
93371
93372
93373
93374
93375
93376
93377
93378
93379
93422
93424
93425
93426
93427
93428
93429
93430
93431
93432
93433
93434
93435
93438
93490
93492
93493
93494
93495
93496
93497
93498
93499
93500
93501
93502
93503
93504
93505
93506
93507
93510
93550
93553
93555
93556
93558
93559
93561
94223
94224
94226
94227
94228
94229
94230
94231
94232
94233
94234
94236
94289
94290
94291
94292
94293
94294
94295
94296
94297
94298
94299
94300
94301
94302
94303
94305
94306
94348
94349
94350
94351
94352
94353
94354
94355
94356
94357
94358
94359
94361
94362
94393
94396
94397
94398
94399
94400
94401
94402
94403
94404
94405
94406
94437
94440
94441
94442
94443
94444
94445
94446
94447
94448
94449
94450
94481
94484
94485
94486
94487
94488
94489
94490
94491
94492
94493
94494
94525
94528
94529
94530
94531
94532
94533
94534
94535
94536
94537
94538
94581
94583
94584
94585
94586
94587
94588
94589
94590
94591
94592
94593
94594
94597
94649
94651
94652
94653
94654
94655
94656
94657
94658
94659
94660
94661
94662
94663
94664
94665
94666
94669
94709
94712
94714
94715
94717
94718
94720
95382
95383
95385
95386
95387
95388
95389
95390
95391
95392
95393
95395
95448
95449
95450
95451
95452
95453
95454
95455
95456
95457
95458
95459
95460
95461
95462
95464
95465
95507
95508
95509
95510
95511
95512
95513
95514
95515
95516
95517
95518
95520
95521
95552
95555
95556
95557
95558
95559
95560
95561
95562
95563
95564
95565
95596
95599
95600
95601
95602
95603
95604
95605
95606
95607
95608
95609
95640
95643
95644
95645
95646
95647
95648
95649
95650
95651
95652
95653
95684
95687
95688
95689
95690
95691
95692
95693
95694
95695
95696
95697
95740
95742
95743
95744
95745
95746
95747
95748
95749
95750
95751
95752
95753
95756
95808
95810
95811
95812
95813
95814
95815
95816
95817
95818
95819
95820
95821
95822
95823
95824
95825
95828
95868
95871
95873
95874
95876
95877
95879
96541
96542
96544
96545
96546
96547
96548
96549
96550
96551
96552
96554
96607
96608
96609
96610
96611
96612
96613
96614
96615
96616
96617
96618
96619
96620
96621
96623
96624
96666
96667
96668
96669
96670
96671
96672
96673
96674
96675
96676
96677
96679
96680
96711
96714
96715
96716
96717
96718
96719
96720
96721
96722
96723
96724
96755
96758
96759
96760
96761
96762
96763
96764
96765
96766
96767
96768
96799
96802
96803
96804
96805
96806
96807
96808
96809
96810
96811
96812
96843
96846
96847
96848
96849
96850
96851
96852
96853
96854
96855
96856
96899
96901
96902
96903
96904
96905
96906
96907
96908
96909
96910
96911
96912
96915
96967
96969
96970
96971
96972
96973
96974
96975
96976
96977
96978
96979
96980
96981
96982
96983
96984
96987
97027
97030
97032
97033
97035
97036
97038
97700
97701
97703
97704
97705
97706
97707
97708
97709
97710
97711
97713
97766
97767
97768
97769
97770
97771
97772
97773
97774
97775
97776
97777
97778
97779
97780
97782
97783
97825
97826
97827
97828
97829
97830
97831
97832
97833
97834
97835
97836
97838
97839
97870
97873
97874
97875
97876
97877
97878
97879
97880
97881
97882
97883
97914
97917
97918
97919
97920
97921
97922
97923
97924
97925
97926
97927
97958
97961
97962
97963
97964
97965
97966
97967
97968
97969
97970
97971
98002
98005
98006
98007
98008
98009
98010
98011
98012
98013
98014
98015
98058
98060
98061
98062
98063
98064
98065
98066
98067
98068
98069
98070
98071
98074
98126
98128
98129
98130
98131
98132
98133
98134
98135
98136
98137
98138
98139
98140
98141
98142
98143
98146
98186
98189
98191
98192
98194
98195
98197
98859
98860
98862
98863
98864
98865
98866
98867
98868
98869
98870
98872
98925
98926
98927
98928
98929
98930
98931
98932
98933
98934
98935
98936
98937
98938
98939
98941
98942
98984
98985
98986
98987
98988
98989
98990
98991
98992
98993
98994
98995
98997
98998
99029
99032
99033
99034
99035
99036
99037
99038
99039
99040
99041
99042
99073
99076
99077
99078
99079
99080
99081
99082
99083
99084
99085
99086
99117
99120
99121
99122
99123
99124
99125
99126
99127
99128
99129
99130
99161
99164
99165
99166
99167
99168
99169
99170
99171
99172
99173
99174
99217
99219
99220
99221
99222
99223
99224
99225
99226
99227
99228
99229
99230
99233
99285
99287
99288
99289
99290
99291
99292
99293
99294
99295
99296
99297
99298
99299
99300
99301
99302
99305
99345
99348
99350
99351
99353
99354
99356
100018
100019
100021
100022
100023
100024
100025
100026
100027
100028
100029
100031
100084
100085
100086
100087
100088
100089
100090
100091
100092
100093
100094
100095
100096
100097
100098
100100
100101
100143
100144
100145
100146
100147
100148
100149
100150
100151
100152
100153
100154
100156
100157
100188
100191
100192
100193
100194
100195
100196
100197
100198
100199
100200
100201
100232
100235
100236
100237
100238
100239
100240
100241
100242
100243
100244
100245
100276
100279
100280
100281
100282
100283
100284
100285
100286
100287
100288
100289
100320
100323
100324
100325
100326
100327
100328
100329
100330
100331
100332
100333
100376
100378
100379
100380
100381
100382
100383
100384
100385
100386
100387
100388
100389
100392
100444
100446
100447
100448
100449
100450
100451
100452
100453
100454
100455
100456
100457
100458
100459
100460
100461
100464
100504
100507
100509
100510
100512
100513
100515
101177
101178
101180
101181
101182
101183
101184
101185
101186
101187
101188
101190
101243
101244
101245
101246
101247
101248
101249
101250
101251
101252
101253
101254
101255
101256
101257
101259
101260
101302
101303
101304
101305
101306
101307
101308
101309
101310
101311
101312
101313
101315
101316
101347
101350
101351
101352
101353
101354
101355
101356
101357
101358
101359
101360
101391
101394
101395
101396
101397
101398
101399
101400
101401
101402
101403
101404
101435
101438
101439
101440
101441
101442
101443
101444
101445
101446
101447
101448
101479
101482
101483
101484
101485
101486
101487
101488
101489
101490
101491
101492
101535
101537
101538
101539
101540
101541
101542
101543
101544
101545
101546
101547
101548
101551
101603
101605
101606
101607
101608
101609
101610
101611
101612
101613
101614
101615
101616
101617
101618
101619
101620
101623
101663
101666
101668
101669
101671
101672
101674
102336
102337
102339
102340
102341
102342
102343
102344
102345
102346
102347
102349
102402
102403
102404
102405
102406
102407
102408
102409
102410
102411
102412
102413
102414
102415
102416
102418
102419
102461
102462
102463
102464
102465
102466
102467
102468
102469
102470
102471
102472
102474
102475
102506
102509
102510
102511
102512
102513
102514
102515
102516
102517
102518
102519
102550
102553
102554
102555
102556
102557
102558
102559
102560
102561
102562
102563
102594
102597
102598
102599
102600
102601
102602
102603
102604
102605
102606
102607
102638
102641
102642
102643
102644
102645
102646
102647
102648
102649
102650
102651
102694
102696
102697
102698
102699
102700
102701
102702
102703
102704
102705
102706
102707
102710
102762
102764
102765
102766
102767
102768
102769
102770
102771
102772
102773
102774
102775
102776
102777
102778
102779
102782
102822
102825
102827
102828
102830
102831
102833
103495
103496
103498
103499
103500
103501
103502
103503
103504
103505
103506
103508
103561
103562
103563
103564
103565
103566
103567
103568
103569
103570
103571
103572
103573
103574
103575
103577
103578
103620
103621
103622
103623
103624
103625
103626
103627
103628
103629
103630
103631
103633
103634
103665
103668
103669
103670
103671
103672
103673
103674
103675
103676
103677
103678
103709
103712
103713
103714
103715
103716
103717
103718
103719
103720
103721
103722
103753
103756
103757
103758
103759
103760
103761
103762
103763
103764
103765
103766
103797
103800
103801
103802
103803
103804
103805
103806
103807
103808
103809
103810
103853
103855
103856
103857
103858
103859
103860
103861
103862
103863
103864
103865
103866
103869
103921
103923
103924
103925
103926
103927
103928
103929
103930
103931
103932
103933
103934
103935
103936
103937
103938
103941
103981
103984
103986
103987
103989
103990
103992
104654
104655
104657
104658
104659
104660
104661
104662
104663
104664
104665
104667
104720
104721
104722
104723
104724
104725
104726
104727
104728
104729
104730
104731
104732
104733
104734
104736
104737
104779
104780
104781
104782
104783
104784
104785
104786
104787
104788
104789
104790
104792
104793
104824
104827
104828
104829
104830
104831
104832
104833
104834
104835
104836
104837
104868
104871
104872
104873
104874
104875
104876
104877
104878
104879
104880
104881
104912
104915
104916
104917
104918
104919
104920
104921
104922
104923
104924
104925
104956
104959
104960
104961
104962
104963
104964
104965
104966
104967
104968
104969
105012
105014
105015
105016
105017
105018
105019
105020
105021
105022
105023
105024
105025
105028
105080
105082
105083
105084
105085
105086
105087
105088
105089
105090
105091
105092
105093
105094
105095
105096
105097
105100
105140
105143
105145
105146
105148
105149
105151
105813
105814
105816
105817
105818
105819
105820
105821
105822
105823
105824
105826
105879
105880
105881
105882
105883
105884
105885
105886
105887
105888
105889
105890
105891
105892
105893
105895
105896
105938
105939
105940
105941
105942
105943
105944
105945
105946
105947
105948
105949
105951
105952
105983
105986
105987
105988
105989
105990
105991
105992
105993
105994
105995
105996
106027
106030
106031
106032
106033
106034
106035
106036
106037
106038
106039
106040
106071
106074
106075
106076
106077
106078
106079
106080
106081
106082
106083
106084
106115
106118
106119
106120
106121
106122
106123
106124
106125
106126
106127
106128
106171
106173
106174
106175
106176
106177
106178
106179
106180
106181
106182
106183
106184
106187
106239
106241
106242
106243
106244
106245
106246
106247
106248
106249
106250
106251
106252
106253
106254
106255
106256
106259
106299
106302
106304
106305
106307
106308
106310
106972
106973
106975
106976
106977
106978
106979
106980
106981
106982
106983
106985
107038
107039
107040
107041
107042
107043
107044
107045
107046
107047
107048
107049
107050
107051
107052
107054
107055
107097
107098
107099
107100
107101
107102
107103
107104
107105
107106
107107
107108
107110
107111
107142
107145
107146
107147
107148
107149
107150
107151
107152
107153
107154
107155
107186
107189
107190
107191
107192
107193
107194
107195
107196
107197
107198
107199
107230
107233
107234
107235
107236
107237
107238
107239
107240
107241
107242
107243
107274
107277
107278
107279
107280
107281
107282
107283
107284
107285
107286
107287
107330
107332
107333
107334
107335
107336
107337
107338
107339
107340
107341
107342
107343
107346
107398
107400
107401
107402
107403
107404
107405
107406
107407
107408
107409
107410
107411
107412
107413
107414
107415
107418
107458
107461
107463
107464
107466
107467
107469
108131
108132
108134
108135
108136
108137
108138
108139
108140
108141
108142
108144
108197
108198
108199
108200
108201
108202
108203
108204
108205
108206
108207
108208
108209
108210
108211
108213
108214
108256
108257
108258
108259
108260
108261
108262
108263
108264
108265
108266
108267
108269
108270
108301
108304
108305
108306
108307
108308
108309
108310
108311
108312
108313
108314
108345
108348
108349
108350
108351
108352
108353
108354
108355
108356
108357
108358
108389
108392
108393
108394
108395
108396
108397
108398
108399
108400
108401
108402
108433
108436
108437
108438
108439
108440
108441
108442
108443
108444
108445
108446
108489
108491
108492
108493
108494
108495
108496
108497
108498
108499
108500
108501
108502
108505
108557
108559
108560
108561
108562
108563
108564
108565
108566
108567
108568
108569
108570
108571
108572
108573
108574
108577
108617
108620
108622
108623
108625
108626
108628
109290
109291
109293
109294
109295
109296
109297
109298
109299
109300
109301
109303
109356
109357
109358
109359
109360
109361
109362
109363
109364
109365
109366
109367
109368
109369
109370
109372
109373
109415
109416
109417
109418
109419
109420
109421
109422
109423
109424
109425
109426
109428
109429
109460
109463
109464
109465
109466
109467
109468
109469
109470
109471
109472
109473
109504
109507
109508
109509
109510
109511
109512
109513
109514
109515
109516
109517
109548
109551
109552
109553
109554
109555
109556
109557
109558
109559
109560
109561
109592
109595
109596
109597
109598
109599
109600
109601
109602
109603
109604
109605
109648
109650
109651
109652
109653
109654
109655
109656
109657
109658
109659
109660
109661
109664
109716
109718
109719
109720
109721
109722
109723
109724
109725
109726
109727
109728
109729
109730
109731
109732
109733
109736
109776
109779
109781
109782
109784
109785
109787
110449
110450
110452
110453
110454
110455
110456
110457
110458
110459
110460
110462
110515
110516
110517
110518
110519
110520
110521
110522
110523
110524
110525
110526
110527
110528
110529
110531
110532
110574
110575
110576
110577
110578
110579
110580
110581
110582
110583
110584
110585
110587
110588
110619
110622
110623
110624
110625
110626
110627
110628
110629
110630
110631
110632
110663
110666
110667
110668
110669
110670
110671
110672
110673
110674
110675
110676
110707
110710
110711
110712
110713
110714
110715
110716
110717
110718
110719
110720
110751
110754
110755
110756
110757
110758
110759
110760
110761
110762
110763
110764
110807
110809
110810
110811
110812
110813
110814
110815
110816
110817
110818
110819
110820
110823
110875
110877
110878
110879
110880
110881
110882
110883
110884
110885
110886
110887
110888
110889
110890
110891
110892
110895
110935
110938
110940
110941
110943
110944
110946
111608
111609
111611
111612
111613
111614
111615
111616
111617
111618
111619
111621
111674
111675
111676
111677
111678
111679
111680
111681
111682
111683
111684
111685
111686
111687
111688
111690
111691
111733
111734
111735
111736
111737
111738
111739
111740
111741
111742
111743
111744
111746
111747
111778
111781
111782
111783
111784
111785
111786
111787
111788
111789
111790
111791
111822
111825
111826
111827
111828
111829
111830
111831
111832
111833
111834
111835
111866
111869
111870
111871
111872
111873
111874
111875
111876
111877
111878
111879
111910
111913
111914
111915
111916
111917
111918
111919
111920
111921
111922
111923
111966
111968
111969
111970
111971
111972
111973
111974
111975
111976
111977
111978
111979
111982
112034
112036
112037
112038
112039
112040
112041
112042
112043
112044
112045
112046
112047
112048
112049
112050
112051
112054
112094
112097
112099
112100
112102
112103
112105
112767
112768
112770
112771
112772
112773
112774
112775
112776
112777
112778
112780
112833
112834
112835
112836
112837
112838
112839
112840
112841
112842
112843
112844
112845
112846
112847
112849
112850
112892
112893
112894
112895
112896
112897
112898
112899
112900
112901
112902
112903
112905
112906
112937
112940
112941
112942
112943
112944
112945
112946
112947
112948
112949
112950
112981
112984
112985
112986
112987
112988
112989
112990
112991
112992
112993
112994
113025
113028
113029
113030
113031
113032
113033
113034
113035
113036
113037
113038
113069
113072
113073
113074
113075
113076
113077
113078
113079
113080
113081
113082
113125
113127
113128
113129
113130
113131
113132
113133
113134
113135
113136
113137
113138
113141
113193
113195
113196
113197
113198
113199
113200
113201
113202
113203
113204
113205
113206
113207
113208
113209
113210
113213
113253
113256
113258
113259
113261
113262
113264
113926
113927
113929
113930
113931
113932
113933
113934
113935
113936
113937
113939
113992
113993
113994
113995
113996
113997
113998
113999
114000
114001
114002
114003
114004
114005
114006
114008
114009
114051
114052
114053
114054
114055
114056
114057
114058
114059
114060
114061
114062
114064
114065
114096
114099
114100
114101
114102
114103
114104
114105
114106
114107
114108
114109
114140
114143
114144
114145
114146
114147
114148
114149
114150
114151
114152
114153
114184
114187
114188
114189
114190
114191
114192
114193
114194
114195
114196
114197
114228
114231
114232
114233
114234
114235
114236
114237
114238
114239
114240
114241
114284
114286
114287
114288
114289
114290
114291
114292
114293
114294
114295
114296
114297
114300
114352
114354
114355
114356
114357
114358
114359
114360
114361
114362
114363
114364
114365
114366
114367
114368
114369
114372
114412
114415
114417
114418
114420
114421
114423
115085
115086
115088
115089
115090
115091
115092
115093
115094
115095
115096
115098
115151
115152
115153
115154
115155
115156
115157
115158
115159
115160
115161
115162
115163
115164
115165
115167
115168
115210
115211
115212
115213
115214
115215
115216
115217
115218
115219
115220
115221
115223
115224
115255
115258
115259
115260
115261
115262
115263
115264
115265
115266
115267
115268
115299
115302
115303
115304
115305
115306
115307
115308
115309
115310
115311
115312
115343
115346
115347
115348
115349
115350
115351
115352
115353
115354
115355
115356
115387
115390
115391
115392
115393
115394
115395
115396
115397
115398
115399
115400
115443
115445
115446
115447
115448
115449
115450
115451
115452
115453
115454
115455
115456
115459
115511
115513
115514
115515
115516
115517
115518
115519
115520
115521
115522
115523
115524
115525
115526
115527
115528
115531
115571
115574
115576
115577
115579
115580
115582
116244
116245
116247
116248
116249
116250
116251
116252
116253
116254
116255
116257
116310
116311
116312
116313
116314
116315
116316
116317
116318
116319
116320
116321
116322
116323
116324
116326
116327
116369
116370
116371
116372
116373
116374
116375
116376
116377
116378
116379
116380
116382
116383
116414
116417
116418
116419
116420
116421
116422
116423
116424
116425
116426
116427
116458
116461
116462
116463
116464
116465
116466
116467
116468
116469
116470
116471
116502
116505
116506
116507
116508
116509
116510
116511
116512
116513
116514
116515
116546
116549
116550
116551
116552
116553
116554
116555
116556
116557
116558
116559
116602
116604
116605
116606
116607
116608
116609
116610
116611
116612
116613
116614
116615
116618
116670
116672
116673
116674
116675
116676
116677
116678
116679
116680
116681
116682
116683
116684
116685
116686
116687
116690
116730
116733
116735
116736
116738
116739
116741
117403
117404
117406
117407
117408
117409
117410
117411
117412
117413
117414
117416
117469
117470
117471
117472
117473
117474
117475
117476
117477
117478
117479
117480
117481
117482
117483
117485
117486
117528
117529
117530
117531
117532
117533
117534
117535
117536
117537
117538
117539
117541
117542
117573
117576
117577
117578
117579
117580
117581
117582
117583
117584
117585
117586
117617
117620
117621
117622
117623
117624
117625
117626
117627
117628
117629
117630
117661
117664
117665
117666
117667
117668
117669
117670
117671
117672
117673
117674
117705
117708
117709
117710
117711
117712
117713
117714
117715
117716
117717
117718
117761
117763
117764
117765
117766
117767
117768
117769
117770
117771
117772
117773
117774
117777
117829
117831
117832
117833
117834
117835
117836
117837
117838
117839
117840
117841
117842
117843
117844
117845
117846
117849
117889
117892
117894
117895
117897
117898
117900
118562
118563
118565
118566
118567
118568
118569
118570
118571
118572
118573
118575
118628
118629
118630
118631
118632
118633
118634
118635
118636
118637
118638
118639
118640
118641
118642
118644
118645
118687
118688
118689
118690
118691
118692
118693
118694
118695
118696
118697
118698
118700
118701
118732
118735
118736
118737
118738
118739
118740
118741
118742
118743
118744
118745
118776
118779
118780
118781
118782
118783
118784
118785
118786
118787
118788
118789
118820
118823
118824
118825
118826
118827
118828
118829
118830
118831
118832
118833
118864
118867
118868
118869
118870
118871
118872
118873
118874
118875
118876
118877
118920
118922
118923
118924
118925
118926
118927
118928
118929
118930
118931
118932
118933
118936
118988
118990
118991
118992
118993
118994
118995
118996
118997
118998
118999
119000
119001
119002
119003
119004
119005
119008
119048
119051
119053
119054
119056
119057
119059
119721
119722
119724
119725
119726
119727
119728
119729
119730
119731
119732
119734
119787
119788
119789
119790
119791
119792
119793
119794
119795
119796
119797
119798
119799
119800
119801
119803
119804
119846
119847
119848
119849
119850
119851
119852
119853
119854
119855
119856
119857
119859
119860
119891
119894
119895
119896
119897
119898
119899
119900
119901
119902
119903
119904
119935
119938
119939
119940
119941
119942
119943
119944
119945
119946
119947
119948
119979
119982
119983
119984
119985
119986
119987
119988
119989
119990
119991
119992
120023
120026
120027
120028
120029
120030
120031
120032
120033
120034
120035
120036
120079
120081
120082
120083
120084
120085
120086
120087
120088
120089
120090
120091
120092
120095
120147
120149
120150
120151
120152
120153
120154
120155
120156
120157
120158
120159
120160
120161
120162
120163
120164
120167
120207
120210
120212
120213
120215
120216
120218
120880
120881
120883
120884
120885
120886
120887
120888
120889
120890
120891
120893
120946
120947
120948
120949
120950
120951
120952
120953
120954
120955
120956
120957
120958
120959
120960
120962
120963
121005
121006
121007
121008
121009
121010
121011
121012
121013
121014
121015
121016
121018
121019
121050
121053
121054
121055
121056
121057
121058
121059
121060
121061
121062
121063
121094
121097
121098
121099
121100
121101
121102
121103
121104
121105
121106
121107
121138
121141
121142
121143
121144
121145
121146
121147
121148
121149
121150
121151
121182
121185
121186
121187
121188
121189
121190
121191
121192
121193
121194
121195
121238
121240
121241
121242
121243
121244
121245
121246
121247
121248
121249
121250
121251
121254
121306
121308
121309
121310
121311
121312
121313
121314
121315
121316
121317
121318
121319
121320
121321
121322
121323
121326
121366
121369
121371
121372
121374
121375
121377
122039
122040
122042
122043
122044
122045
122046
122047
122048
122049
122050
122052
122105
122106
122107
122108
122109
122110
122111
122112
122113
122114
122115
122116
122117
122118
122119
122121
122122
122164
122165
122166
122167
122168
122169
122170
122171
122172
122173
122174
122175
122177
122178
122209
122212
122213
122214
122215
122216
122217
122218
122219
122220
122221
122222
122253
122256
122257
122258
122259
122260
122261
122262
122263
122264
122265
122266
122297
122300
122301
122302
122303
122304
122305
122306
122307
122308
122309
122310
122341
122344
122345
122346
122347
122348
122349
122350
122351
122352
122353
122354
122397
122399
122400
122401
122402
122403
122404
122405
122406
122407
122408
122409
122410
122413
122465
122467
122468
122469
122470
122471
122472
122473
122474
122475
122476
122477
122478
122479
122480
122481
122482
122485
122525
122528
122530
122531
122533
122534
122536
123198
123199
123201
123202
123203
123204
123205
123206
123207
123208
123209
123211
123264
123265
123266
123267
123268
123269
123270
123271
123272
123273
123274
123275
123276
123277
123278
123280
123281
123323
123324
123325
123326
123327
123328
123329
123330
123331
123332
123333
123334
123336
123337
123368
123371
123372
123373
123374
123375
123376
123377
123378
123379
123380
123381
123412
123415
123416
123417
123418
123419
123420
123421
123422
123423
123424
123425
123456
123459
123460
123461
123462
123463
123464
123465
123466
123467
123468
123469
123500
123503
123504
123505
123506
123507
123508
123509
123510
123511
123512
123513
123556
123558
123559
123560
123561
123562
123563
123564
123565
123566
123567
123568
123569
123572
123624
123626
123627
123628
123629
123630
123631
123632
123633
123634
123635
123636
123637
123638
123639
123640
123641
123644
123684
123687
123689
123690
123692
123693
123695
124357
124358
124360
124361
124362
124363
124364
124365
124366
124367
124368
124370
124423
124424
124425
124426
124427
124428
124429
124430
124431
124432
124433
124434
124435
124436
124437
124439
124440
124482
124483
124484
124485
124486
124487
124488
124489
124490
124491
124492
124493
124495
124496
124527
124530
124531
124532
124533
124534
124535
124536
124537
124538
124539
124540
124571
124574
124575
124576
124577
124578
124579
124580
124581
124582
124583
124584
124615
124618
124619
124620
124621
124622
124623
124624
124625
124626
124627
124628
124659
124662
124663
124664
124665
124666
124667
124668
124669
124670
124671
124672
124715
124717
124718
124719
124720
124721
124722
124723
124724
124725
124726
124727
124728
124731
124783
124785
124786
124787
124788
124789
124790
124791
124792
124793
124794
124795
124796
124797
124798
124799
124800
124803
124843
124846
124848
124849
124851
124852
124854
125516
125517
125519
125520
125521
125522
125523
125524
125525
125526
125527
125529
125582
125583
125584
125585
125586
125587
125588
125589
125590
125591
125592
125593
125594
125595
125596
125598
125599
125641
125642
125643
125644
125645
125646
125647
125648
125649
125650
125651
125652
125654
125655
125686
125689
125690
125691
125692
125693
125694
125695
125696
125697
125698
125699
125730
125733
125734
125735
125736
125737
125738
125739
125740
125741
125742
125743
125774
125777
125778
125779
125780
125781
125782
125783
125784
125785
125786
125787
125818
125821
125822
125823
125824
125825
125826
125827
125828
125829
125830
125831
125874
125876
125877
125878
125879
125880
125881
125882
125883
125884
125885
125886
125887
125890
125942
125944
125945
125946
125947
125948
125949
125950
125951
125952
125953
125954
125955
125956
125957
125958
125959
125962
126002
126005
126007
126008
126010
126011
126013
126675
126676
126678
126679
126680
126681
126682
126683
126684
126685
126686
126688
126741
126742
126743
126744
126745
126746
126747
126748
126749
126750
126751
126752
126753
126754
126755
126757
126758
126800
126801
126802
126803
126804
126805
126806
126807
126808
126809
126810
126811
126813
126814
126845
126848
126849
126850
126851
126852
126853
126854
126855
126856
126857
126858
126889
126892
126893
126894
126895
126896
126897
126898
126899
126900
126901
126902
126933
126936
126937
126938
126939
126940
126941
126942
126943
126944
126945
126946
126977
126980
126981
126982
126983
126984
126985
126986
126987
126988
126989
126990
127033
127035
127036
127037
127038
127039
127040
127041
127042
127043
127044
127045
127046
127049
127101
127103
127104
127105
127106
127107
127108
127109
127110
127111
127112
127113
127114
127115
127116
127117
127118
127121
127161
127164
127166
127167
127169
127170
127172
127834
127835
127837
127838
127839
127840
127841
127842
127843
127844
127845
127847
127900
127901
127902
127903
127904
127905
127906
127907
127908
127909
127910
127911
127912
127913
127914
127916
127917
127959
127960
127961
127962
127963
127964
127965
127966
127967
127968
127969
127970
127972
127973
128004
128007
128008
128009
128010
128011
128012
128013
128014
128015
128016
128017
128048
128051
128052
128053
128054
128055
128056
128057
128058
128059
128060
128061
128092
128095
128096
128097
128098
128099
128100
128101
128102
128103
128104
128105
128136
128139
128140
128141
128142
128143
128144
128145
128146
128147
128148
128149
128192
128194
128195
128196
128197
128198
128199
128200
128201
128202
128203
128204
128205
128208
128260
128262
128263
128264
128265
128266
128267
128268
128269
128270
128271
128272
128273
128274
128275
128276
128277
128280
128320
128323
128325
128326
128328
128329
128331
128993
128994
128996
128997
128998
128999
129000
129001
129002
129003
129004
129006
129065
129066
129067
129068
129069
129070
129071
129072
129073
129074
129075
129076
129077
129078
129079
129080
129081
129082
129084
129085
129151
129152
129153
129154
129155
129156
129157
129158
129159
129160
129161
129162
129163
129164
129165
129166
129167
129168
129169
129170
129171
129172
129173
129174
129176
129177
129240
129243
129244
129245
129246
129247
129248
129249
129250
129251
129252
129253
129254
129255
129256
129257
129258
129259
129260
129261
129262
129263
129264
129265
129266
129267
129268
129269
129332
129335
129336
129337
129338
129339
129340
129341
129342
129343
129344
129345
129346
129347
129348
129349
129350
129351
129352
129353
129354
129355
129356
129357
129358
129359
129360
129361
129424
129427
129428
129429
129430
129431
129432
129433
129434
129435
129436
129437
129438
129439
129440
129441
129442
129443
129444
129445
129446
129447
129448
129449
129450
129451
129452
129453
129516
129519
129520
129521
129522
129523
129524
129525
129526
129527
129528
129529
129530
129531
129532
129533
129534
129535
129536
129537
129538
129539
129540
129541
129542
129543
129544
129545
129608
129610
129611
129612
129613
129614
129615
129616
129617
129618
129619
129620
129621
129622
129623
129624
129625
129626
129627
129628
129629
129630
129631
129634
129686
129688
129689
129690
129691
129692
129693
129694
129695
129696
129697
129698
129699
129700
129701
129702
129703
129706
129746
129749
129751
129752
129754
129755
129757
130649
130650
130651
130676
130677
130678
130679
130680
130681
130682
130683
130684
130685
130686
130687
130724
130725
130726
130727
130728
130729
130730
130731
130732
130733
130734
130735
130736
130737
130738
130739
130740
130741
130786
130787
130788
130789
130790
130791
130792
130793
130794
130795
130796
130797
130798
130799
130800
130801
130802
130803
130804
130805
130806
130807
130852
130853
130854
130855
130856
130857
130858
130859
130860
130861
130862
130863
130864
130865
130866
130867
130868
130869
130870
130871
130872
130873
130906
130907
130908
130909
130910
130911
130912
130913
130914
130915
130916
130917
130918
130919
130920
130921
130942
130943
130944
130945
130946
130947
130948
130949
130950
130951
131852
131855
131858
131861
131908
131909
131910
131911
131912
131913
131914
131915
131916
131917
131918
131919
131920
131921
131922
131924
131925
131961
131962
131963
131964
131965
131966
131967
131968
131969
131970
131972
131973
132002
132003
132005
132006
132007
132008
132009
132010
132011
132013
132042
132043
132044
132045
132046
132047
132048
132049
132050
132051
132053
132054
132082
132083
132084
132085
132086
132087
132088
132089
132090
132091
132093
132094
132122
132123
132124
132125
132126
132127
132128
132129
132130
132131
132133
132134
132166
132169
132170
132171
132172
132173
132174
132175
132176
132177
132218
132220
132221
132222
132223
132224
132225
132226
132227
132228
132229
132230
132231
132234
132274
132276
132277
132278
132279
132280
132281
132282
132283
132284
132285
132286
132287
132288
132291
132849
132852
132855
132858
132905
132906
132907
132908
132909
132910
132911
132912
132913
132914
132915
132916
132917
132918
132919
132921
132922
132958
132959
132960
132961
132962
132963
132964
132965
132966
132967
132969
132970
132999
133000
133002
133003
133004
133005
133006
133007
133008
133010
133039
133040
133041
133042
133043
133044
133045
133046
133047
133048
133050
133051
133079
133080
133081
133082
133083
133084
133085
133086
133087
133088
133090
133091
133119
133120
133121
133122
133123
133124
133125
133126
133127
133128
133130
133131
133163
133166
133167
133168
133169
133170
133171
133172
133173
133174
133215
133217
133218
133219
133220
133221
133222
133223
133224
133225
133226
133227
133228
133231
133271
133273
133274
133275
133276
133277
133278
133279
133280
133281
133282
133283
133284
133285
133288
133846
133849
133852
133855
133902
133903
133904
133905
133906
133907
133908
133909
133910
133911
133912
133913
133914
133915
133916
133918
133919
133955
133956
133957
133958
133959
133960
133961
133962
133963
133964
133966
133967
133996
133997
133999
134000
134001
134002
134003
134004
134005
134007
134036
134037
134038
134039
134040
134041
134042
134043
134044
134045
134047
134048
134076
134077
134078
134079
134080
134081
134082
134083
134084
134085
134087
134088
134116
134117
134118
134119
134120
134121
134122
134123
134124
134125
134127
134128
134160
134163
134164
134165
134166
134167
134168
134169
134170
134171
134212
134214
134215
134216
134217
134218
134219
134220
134221
134222
134223
134224
134225
134228
134268
134270
134271
134272
134273
134274
134275
134276
134277
134278
134279
134280
134281
134282
134285
134843
134846
134849
134852
134899
134900
134901
134902
134903
134904
134905
134906
134907
134908
134909
134910
134911
134912
134913
134915
134916
134952
134953
134954
134955
134956
134957
134958
134959
134960
134961
134963
134964
134993
134994
134996
134997
134998
134999
135000
135001
135002
135004
135033
135034
135035
135036
135037
135038
135039
135040
135041
135042
135044
135045
135073
135074
135075
135076
135077
135078
135079
135080
135081
135082
135084
135085
135113
135114
135115
135116
135117
135118
135119
135120
135121
135122
135124
135125
135157
135160
135161
135162
135163
135164
135165
135166
135167
135168
135209
135211
135212
135213
135214
135215
135216
135217
135218
135219
135220
135221
135222
135225
135265
135267
135268
135269
135270
135271
135272
135273
135274
135275
135276
135277
135278
135279
135282
135840
135843
135846
135849
135896
135897
135898
135899
135900
135901
135902
135903
135904
135905
135906
135907
135908
135909
135910
135912
135913
135949
135950
135951
135952
135953
135954
135955
135956
135957
135958
135960
135961
135990
135991
135993
135994
135995
135996
135997
135998
135999
136001
136030
136031
136032
136033
136034
136035
136036
136037
136038
136039
136041
136042
136070
136071
136072
136073
136074
136075
136076
136077
136078
136079
136081
136082
136110
136111
136112
136113
136114
136115
136116
136117
136118
136119
136121
136122
136154
136157
136158
136159
136160
136161
136162
136163
136164
136165
136206
136208
136209
136210
136211
136212
136213
136214
136215
136216
136217
136218
136219
136222
136262
136264
136265
136266
136267
136268
136269
136270
136271
136272
136273
136274
136275
136276
136279
136837
136840
136843
136846
136893
136894
136895
136896
136897
136898
136899
136900
136901
136902
136903
136904
136905
136906
136907
136909
136910
136946
136947
136948
136949
136950
136951
136952
136953
136954
136955
136957
136958
136987
136988
136990
136991
136992
136993
136994
136995
136996
136998
137027
137028
137029
137030
137031
137032
137033
137034
137035
137036
137038
137039
137067
137068
137069
137070
137071
137072
137073
137074
137075
137076
137078
137079
137107
137108
137109
137110
137111
137112
137113
137114
137115
137116
137118
137119
137151
137154
137155
137156
137157
137158
137159
137160
137161
137162
137203
137205
137206
137207
137208
137209
137210
137211
137212
137213
137214
137215
137216
137219
137259
137261
137262
137263
137264
137265
137266
137267
137268
137269
137270
137271
137272
137273
137276
137834
137837
137840
137843
137890
137891
137892
137893
137894
137895
137896
137897
137898
137899
137900
137901
137902
137903
137904
137906
137907
137943
137944
137945
137946
137947
137948
137949
137950
137951
137952
137954
137955
137984
137985
137987
137988
137989
137990
137991
137992
137993
137995
138024
138025
138026
138027
138028
138029
138030
138031
138032
138033
138035
138036
138064
138065
138066
138067
138068
138069
138070
138071
138072
138073
138075
138076
138104
138105
138106
138107
138108
138109
138110
138111
138112
138113
138115
138116
138148
138151
138152
138153
138154
138155
138156
138157
138158
138159
138200
138202
138203
138204
138205
138206
138207
138208
138209
138210
138211
138212
138213
138216
138256
138258
138259
138260
138261
138262
138263
138264
138265
138266
138267
138268
138269
138270
138273
138831
138834
138837
138840
138887
138888
138889
138890
138891
138892
138893
138894
138895
138896
138897
138898
138899
138900
138901
138903
138904
138940
138941
138942
138943
138944
138945
138946
138947
138948
138949
138951
138952
138981
138982
138984
138985
138986
138987
138988
138989
138990
138992
139021
139022
139023
139024
139025
139026
139027
139028
139029
139030
139032
139033
139061
139062
139063
139064
139065
139066
139067
139068
139069
139070
139072
139073
139101
139102
139103
139104
139105
139106
139107
139108
139109
139110
139112
139113
139145
139148
139149
139150
139151
139152
139153
139154
139155
139156
139197
139199
139200
139201
139202
139203
139204
139205
139206
139207
139208
139209
139210
139213
139253
139255
139256
139257
139258
139259
139260
139261
139262
139263
139264
139265
139266
139267
139270
139828
139831
139834
139837
139884
139885
139886
139887
139888
139889
139890
139891
139892
139893
139894
139895
139896
139897
139898
139900
139901
139937
139938
139939
139940
139941
139942
139943
139944
139945
139946
139948
139949
139978
139979
139981
139982
139983
139984
139985
139986
139987
139989
140018
140019
140020
140021
140022
140023
140024
140025
140026
140027
140029
140030
140058
140059
140060
140061
140062
140063
140064
140065
140066
140067
140069
140070
140098
140099
140100
140101
140102
140103
140104
140105
140106
140107
140109
140110
140142
140145
140146
140147
140148
140149
140150
140151
140152
140153
140194
140196
140197
140198
140199
140200
140201
140202
140203
140204
140205
140206
140207
140210
140250
140252
140253
140254
140255
140256
140257
140258
140259
140260
140261
140262
140263
140264
140267
140825
140828
140831
140834
140881
140882
140883
140884
140885
140886
140887
140888
140889
140890
140891
140892
140893
140894
140895
140897
140898
140934
140935
140936
140937
140938
140939
140940
140941
140942
140943
140945
140946
140975
140976
140978
140979
140980
140981
140982
140983
140984
140986
141015
141016
141017
141018
141019
141020
141021
141022
141023
141024
141026
141027
141055
141056
141057
141058
141059
141060
141061
141062
141063
141064
141066
141067
141095
141096
141097
141098
141099
141100
141101
141102
141103
141104
141106
141107
141139
141142
141143
141144
141145
141146
141147
141148
141149
141150
141191
141193
141194
141195
141196
141197
141198
141199
141200
141201
141202
141203
141204
141207
141247
141249
141250
141251
141252
141253
141254
141255
141256
141257
141258
141259
141260
141261
141264
141822
141825
141828
141831
141878
141879
141880
141881
141882
141883
141884
141885
141886
141887
141888
141889
141890
141891
141892
141894
141895
141931
141932
141933
141934
141935
141936
141937
141938
141939
141940
141942
141943
141972
141973
141975
141976
141977
141978
141979
141980
141981
141983
142012
142013
142014
142015
142016
142017
142018
142019
142020
142021
142023
142024
142052
142053
142054
142055
142056
142057
142058
142059
142060
142061
142063
142064
142092
142093
142094
142095
142096
142097
142098
142099
142100
142101
142103
142104
142136
142139
142140
142141
142142
142143
142144
142145
142146
142147
142188
142190
142191
142192
142193
142194
142195
142196
142197
142198
142199
142200
142201
142204
142244
142246
142247
142248
142249
142250
142251
142252
142253
142254
142255
142256
142257
142258
142261
142819
142822
142825
142828
142875
142876
142877
142878
142879
142880
142881
142882
142883
142884
142885
142886
142887
142888
142889
142891
142892
142928
142929
142930
142931
142932
142933
142934
142935
142936
142937
142939
142940
142969
142970
142972
142973
142974
142975
142976
142977
142978
142980
143009
143010
143011
143012
143013
143014
143015
143016
143017
143018
143020
143021
143049
143050
143051
143052
143053
143054
143055
143056
143057
143058
143060
143061
143089
143090
143091
143092
143093
143094
143095
143096
143097
143098
143100
143101
143133
143136
143137
143138
143139
143140
143141
143142
143143
143144
143185
143187
143188
143189
143190
143191
143192
143193
143194
143195
143196
143197
143198
143201
143241
143243
143244
143245
143246
143247
143248
143249
143250
143251
143252
143253
143254
143255
143258
143816
143819
143822
143825
143872
143873
143874
143875
143876
143877
143878
143879
143880
143881
143882
143883
143884
143885
143886
143888
143889
143925
143926
143927
143928
143929
143930
143931
143932
143933
143934
143936
143937
143966
143967
143969
143970
143971
143972
143973
143974
143975
143977
144006
144007
144008
144009
144010
144011
144012
144013
144014
144015
144017
144018
144046
144047
144048
144049
144050
144051
144052
144053
144054
144055
144057
144058
144086
144087
144088
144089
144090
144091
144092
144093
144094
144095
144097
144098
144130
144133
144134
144135
144136
144137
144138
144139
144140
144141
144182
144184
144185
144186
144187
144188
144189
144190
144191
144192
144193
144194
144195
144198
144238
144240
144241
144242
144243
144244
144245
144246
144247
144248
144249
144250
144251
144252
144255
144813
144816
144819
144822
144869
144870
144871
144872
144873
144874
144875
144876
144877
144878
144879
144880
144881
144882
144883
144885
144886
144922
144923
144924
144925
144926
144927
144928
144929
144930
144931
144933
144934
144963
144964
144966
144967
144968
144969
144970
144971
144972
144974
145003
145004
145005
145006
145007
145008
145009
145010
145011
145012
145014
145015
145043
145044
145045
145046
145047
145048
145049
145050
145051
145052
145054
145055
145083
145084
145085
145086
145087
145088
145089
145090
145091
145092
145094
145095
145127
145130
145131
145132
145133
145134
145135
145136
145137
145138
145179
145181
145182
145183
145184
145185
145186
145187
145188
145189
145190
145191
145192
145195
145235
145237
145238
145239
145240
145241
145242
145243
145244
145245
145246
145247
145248
145249
145252
145810
145813
145816
145819
145866
145867
145868
145869
145870
145871
145872
145873
145874
145875
145876
145877
145878
145879
145880
145882
145883
145919
145920
145921
145922
145923
145924
145925
145926
145927
145928
145930
145931
145960
145961
145963
145964
145965
145966
145967
145968
145969
145971
146000
146001
146002
146003
146004
146005
146006
146007
146008
146009
146011
146012
146040
146041
146042
146043
146044
146045
146046
146047
146048
146049
146051
146052
146080
146081
146082
146083
146084
146085
146086
146087
146088
146089
146091
146092
146124
146127
146128
146129
146130
146131
146132
146133
146134
146135
146176
146178
146179
146180
146181
146182
146183
146184
146185
146186
146187
146188
146189
146192
146232
146234
146235
146236
146237
146238
146239
146240
146241
146242
146243
146244
146245
146246
146249
146807
146810
146813
146816
146863
146864
146865
146866
146867
146868
146869
146870
146871
146872
146873
146874
146875
146876
146877
146879
146880
146916
146917
146918
146919
146920
146921
146922
146923
146924
146925
146927
146928
146957
146958
146960
146961
146962
146963
146964
146965
146966
146968
146997
146998
146999
147000
147001
147002
147003
147004
147005
147006
147008
147009
147037
147038
147039
147040
147041
147042
147043
147044
147045
147046
147048
147049
147077
147078
147079
147080
147081
147082
147083
147084
147085
147086
147088
147089
147121
147124
147125
147126
147127
147128
147129
147130
147131
147132
147173
147175
147176
147177
147178
147179
147180
147181
147182
147183
147184
147185
147186
147189
147229
147231
147232
147233
147234
147235
147236
147237
147238
147239
147240
147241
147242
147243
147246
147804
147807
147810
147813
147860
147861
147862
147863
147864
147865
147866
147867
147868
147869
147870
147871
147872
147873
147874
147876
147877
147913
147914
147915
147916
147917
147918
147919
147920
147921
147922
147924
147925
147954
147955
147957
147958
147959
147960
147961
147962
147963
147965
147994
147995
147996
147997
147998
147999
148000
148001
148002
148003
148005
148006
148034
148035
148036
148037
148038
148039
148040
148041
148042
148043
148045
148046
148074
148075
148076
148077
148078
148079
148080
148081
148082
148083
148085
148086
148118
148121
148122
148123
148124
148125
148126
148127
148128
148129
148170
148172
148173
148174
148175
148176
148177
148178
148179
148180
148181
148182
148183
148186
148226
148228
148229
148230
148231
148232
148233
148234
148235
148236
148237
148238
148239
148240
148243
148801
148804
148807
148810
148857
148858
148859
148860
148861
148862
148863
148864
148865
148866
148867
148868
148869
148870
148871
148873
148874
148910
148911
148912
148913
148914
148915
148916
148917
148918
148919
148921
148922
148951
148952
148954
148955
148956
148957
148958
148959
148960
148962
148991
148992
148993
148994
148995
148996
148997
148998
148999
149000
149002
149003
149031
149032
149033
149034
149035
149036
149037
149038
149039
149040
149042
149043
149071
149072
149073
149074
149075
149076
149077
149078
149079
149080
149082
149083
149115
149118
149119
149120
149121
149122
149123
149124
149125
149126
149167
149169
149170
149171
149172
149173
149174
149175
149176
149177
149178
149179
149180
149183
149223
149225
149226
149227
149228
149229
149230
149231
149232
149233
149234
149235
149236
149237
149240
149798
149801
149804
149807
149854
149855
149856
149857
149858
149859
149860
149861
149862
149863
149864
149865
149866
149867
149868
149870
149871
149907
149908
149909
149910
149911
149912
149913
149914
149915
149916
149918
149919
149948
149949
149951
149952
149953
149954
149955
149956
149957
149959
149988
149989
149990
149991
149992
149993
149994
149995
149996
149997
149999
150000
150028
150029
150030
150031
150032
150033
150034
150035
150036
150037
150039
150040
150068
150069
150070
150071
150072
150073
150074
150075
150076
150077
150079
150080
150112
150115
150116
150117
150118
150119
150120
150121
150122
150123
150164
150166
150167
150168
150169
150170
150171
150172
150173
150174
150175
150176
150177
150180
150220
150222
150223
150224
150225
150226
150227
150228
150229
150230
150231
150232
150233
150234
150237
150795
150798
150801
150804
150851
150852
150853
150854
150855
150856
150857
150858
150859
150860
150861
150862
150863
150864
150865
150867
150868
150904
150905
150906
150907
150908
150909
150910
150911
150912
150913
150915
150916
150945
150946
150948
150949
150950
150951
150952
150953
150954
150956
150985
150986
150987
150988
150989
150990
150991
150992
150993
150994
150996
150997
151025
151026
151027
151028
151029
151030
151031
151032
151033
151034
151036
151037
151065
151066
151067
151068
151069
151070
151071
151072
151073
151074
151076
151077
151109
151112
151113
151114
151115
151116
151117
151118
151119
151120
151161
151163
151164
151165
151166
151167
151168
151169
151170
151171
151172
151173
151174
151177
151217
151219
151220
151221
151222
151223
151224
151225
151226
151227
151228
151229
151230
151231
151234
151792
151795
151798
151801
151848
151849
151850
151851
151852
151853
151854
151855
151856
151857
151858
151859
151860
151861
151862
151864
151865
151901
151902
151903
151904
151905
151906
151907
151908
151909
151910
151912
151913
151942
151943
151945
151946
151947
151948
151949
151950
151951
151953
151982
151983
151984
151985
151986
151987
151988
151989
151990
151991
151993
151994
152022
152023
152024
152025
152026
152027
152028
152029
152030
152031
152033
152034
152062
152063
152064
152065
152066
152067
152068
152069
152070
152071
152073
152074
152106
152109
152110
152111
152112
152113
152114
152115
152116
152117
152158
152160
152161
152162
152163
152164
152165
152166
152167
152168
152169
152170
152171
152174
152214
152216
152217
152218
152219
152220
152221
152222
152223
152224
152225
152226
152227
152228
152231
152789
152792
152795
152798
152845
152846
152847
152848
152849
152850
152851
152852
152853
152854
152855
152856
152857
152858
152859
152861
152862
152898
152899
152900
152901
152902
152903
152904
152905
152906
152907
152909
152910
152939
152940
152942
152943
152944
152945
152946
152947
152948
152950
152979
152980
152981
152982
152983
152984
152985
152986
152987
152988
152990
152991
153019
153020
153021
153022
153023
153024
153025
153026
153027
153028
153030
153031
153059
153060
153061
153062
153063
153064
153065
153066
153067
153068
153070
153071
153103
153106
153107
153108
153109
153110
153111
153112
153113
153114
153155
153157
153158
153159
153160
153161
153162
153163
153164
153165
153166
153167
153168
153171
153211
153213
153214
153215
153216
153217
153218
153219
153220
153221
153222
153223
153224
153225
153228
153786
153789
153792
153795
153842
153843
153844
153845
153846
153847
153848
153849
153850
153851
153852
153853
153854
153855
153856
153858
153859
153895
153896
153897
153898
153899
153900
153901
153902
153903
153904
153906
153907
153936
153937
153939
153940
153941
153942
153943
153944
153945
153947
153976
153977
153978
153979
153980
153981
153982
153983
153984
153985
153987
153988
154016
154017
154018
154019
154020
154021
154022
154023
154024
154025
154027
154028
154056
154057
154058
154059
154060
154061
154062
154063
154064
154065
154067
154068
154100
154103
154104
154105
154106
154107
154108
154109
154110
154111
154152
154154
154155
154156
154157
154158
154159
154160
154161
154162
154163
154164
154165
154168
154208
154210
154211
154212
154213
154214
154215
154216
154217
154218
154219
154220
154221
154222
154225
154783
154786
154789
154792
154839
154840
154841
154842
154843
154844
154845
154846
154847
154848
154849
154850
154851
154852
154853
154855
154856
154892
154893
154894
154895
154896
154897
154898
154899
154900
154901
154903
154904
154933
154934
154936
154937
154938
154939
154940
154941
154942
154944
154973
154974
154975
154976
154977
154978
154979
154980
154981
154982
154984
154985
155013
155014
155015
155016
155017
155018
155019
155020
155021
155022
155024
155025
155053
155054
155055
155056
155057
155058
155059
155060
155061
155062
155064
155065
155097
155100
155101
155102
155103
155104
155105
155106
155107
155108
155149
155151
155152
155153
155154
155155
155156
155157
155158
155159
155160
155161
155162
155165
155205
155207
155208
155209
155210
155211
155212
155213
155214
155215
155216
155217
155218
155219
155222
155780
155783
155786
155789
155836
155837
155838
155839
155840
155841
155842
155843
155844
155845
155846
155847
155848
155849
155850
155852
155853
155889
155890
155891
155892
155893
155894
155895
155896
155897
155898
155900
155901
155930
155931
155933
155934
155935
155936
155937
155938
155939
155941
155970
155971
155972
155973
155974
155975
155976
155977
155978
155979
155981
155982
156010
156011
156012
156013
156014
156015
156016
156017
156018
156019
156021
156022
156050
156051
156052
156053
156054
156055
156056
156057
156058
156059
156061
156062
156094
156097
156098
156099
156100
156101
156102
156103
156104
156105
156146
156148
156149
156150
156151
156152
156153
156154
156155
156156
156157
156158
156159
156162
156202
156204
156205
156206
156207
156208
156209
156210
156211
156212
156213
156214
156215
156216
156219
156777
156780
156783
156786
156833
156834
156835
156836
156837
156838
156839
156840
156841
156842
156843
156844
156845
156846
156847
156849
156850
156886
156887
156888
156889
156890
156891
156892
156893
156894
156895
156897
156898
156927
156928
156930
156931
156932
156933
156934
156935
156936
156938
156967
156968
156969
156970
156971
156972
156973
156974
156975
156976
156978
156979
157007
157008
157009
157010
157011
157012
157013
157014
157015
157016
157018
157019
157047
157048
157049
157050
157051
157052
157053
157054
157055
157056
157058
157059
157091
157094
157095
157096
157097
157098
157099
157100
157101
157102
157143
157145
157146
157147
157148
157149
157150
157151
157152
157153
157154
157155
157156
157159
157199
157201
157202
157203
157204
157205
157206
157207
157208
157209
157210
157211
157212
157213
157216
157774
157777
157780
157783
157830
157831
157832
157833
157834
157835
157836
157837
157838
157839
157840
157841
157842
157843
157844
157846
157847
157883
157884
157885
157886
157887
157888
157889
157890
157891
157892
157894
157895
157924
157925
157927
157928
157929
157930
157931
157932
157933
157935
157964
157965
157966
157967
157968
157969
157970
157971
157972
157973
157975
157976
158004
158005
158006
158007
158008
158009
158010
158011
158012
158013
158015
158016
158044
158045
158046
158047
158048
158049
158050
158051
158052
158053
158055
158056
158088
158091
158092
158093
158094
158095
158096
158097
158098
158099
158140
158142
158143
158144
158145
158146
158147
158148
158149
158150
158151
158152
158153
158156
158196
158198
158199
158200
158201
158202
158203
158204
158205
158206
158207
158208
158209
158210
158213
158771
158774
158777
158780
158827
158828
158829
158830
158831
158832
158833
158834
158835
158836
158837
158838
158839
158840
158841
158843
158844
158880
158881
158882
158883
158884
158885
158886
158887
158888
158889
158891
158892
158921
158922
158924
158925
158926
158927
158928
158929
158930
158932
158961
158962
158963
158964
158965
158966
158967
158968
158969
158970
158972
158973
159001
159002
159003
159004
159005
159006
159007
159008
159009
159010
159012
159013
159041
159042
159043
159044
159045
159046
159047
159048
159049
159050
159052
159053
159085
159088
159089
159090
159091
159092
159093
159094
159095
159096
159137
159139
159140
159141
159142
159143
159144
159145
159146
159147
159148
159149
159150
159153
159193
159195
159196
159197
159198
159199
159200
159201
159202
159203
159204
159205
159206
159207
159210
159768
159771
159774
159777
159824
159825
159826
159827
159828
159829
159830
159831
159832
159833
159834
159835
159836
159837
159838
159840
159841
159877
159878
159879
159880
159881
159882
159883
159884
159885
159886
159888
159889
159918
159919
159921
159922
159923
159924
159925
159926
159927
159929
159958
159959
159960
159961
159962
159963
159964
159965
159966
159967
159969
159970
159998
159999
160000
160001
160002
160003
160004
160005
160006
160007
160009
160010
160038
160039
160040
160041
160042
160043
160044
160045
160046
160047
160049
160050
160082
160085
160086
160087
160088
160089
160090
160091
160092
160093
160134
160136
160137
160138
160139
160140
160141
160142
160143
160144
160145
160146
160147
160150
160190
160192
160193
160194
160195
160196
160197
160198
160199
160200
160201
160202
160203
160204
160207
160765
160768
160771
160774
160821
160822
160823
160824
160825
160826
160827
160828
160829
160830
160831
160832
160833
160834
160835
160837
160838
160874
160875
160876
160877
160878
160879
160880
160881
160882
160883
160885
160886
160915
160916
160918
160919
160920
160921
160922
160923
160924
160926
160955
160956
160957
160958
160959
160960
160961
160962
160963
160964
160966
160967
160995
160996
160997
160998
160999
161000
161001
161002
161003
161004
161006
161007
161035
161036
161037
161038
161039
161040
161041
161042
161043
161044
161046
161047
161079
161082
161083
161084
161085
161086
161087
161088
161089
161090
161131
161133
161134
161135
161136
161137
161138
161139
161140
161141
161142
161143
161144
161147
161187
161189
161190
161191
161192
161193
161194
161195
161196
161197
161198
161199
161200
161201
161204
161762
161765
161768
161771
161818
161819
161820
161821
161822
161823
161824
161825
161826
161827
161828
161829
161830
161831
161832
161834
161835
161879
161880
161881
161882
161883
161884
161885
161886
161887
161888
161889
161890
161891
161892
161894
161895
161936
161937
161939
161940
161941
161942
161943
161944
161945
161946
161947
161948
161949
161950
161951
161953
161994
161995
161996
161997
161998
161999
162000
162001
162002
162003
162004
162005
162006
162007
162008
162009
162011
162012
162052
162053
162054
162055
162056
162057
162058
162059
162060
162061
162062
162063
162064
162065
162066
162067
162069
162070
162110
162111
162112
162113
162114
162115
162116
162117
162118
162119
162120
162121
162122
162123
162124
162125
162127
162128
162172
162175
162176
162177
162178
162179
162180
162181
162182
162183
162184
162185
162186
162187
162188
162189
162238
162240
162241
162242
162243
162244
162245
162246
162247
162248
162249
162250
162251
162252
162253
162254
162255
162258
162298
162300
162301
162302
162303
162304
162305
162306
162307
162308
162309
162310
162311
162312
162315
162987
162990
162993
162996
163031
163032
163033
163034
163035
163036
163037
163038
163039
163040
163042
163092
163093
163094
163095
163096
163097
163098
163099
163100
163101
163102
163103
163104
163105
163106
163107
163108
163109
163111
163166
163167
163168
163169
163170
163171
163172
163173
163174
163175
163176
163177
163178
163179
163180
163181
163182
163183
163184
163185
163186
163187
163188
163189
163191
163249
163250
163251
163252
163253
163254
163255
163256
163257
163258
163259
163260
163261
163262
163263
163264
163265
163266
163267
163268
163269
163270
163271
163272
163273
163274
163276
163334
163335
163336
163337
163338
163339
163340
163341
163342
163343
163344
163345
163346
163347
163348
163349
163350
163351
163352
163353
163354
163355
163356
163357
163358
163359
163361
163419
163420
163421
163422
163423
163424
163425
163426
163427
163428
163429
163430
163431
163432
163433
163434
163435
163436
163437
163438
163439
163440
163441
163442
163443
163444
163446
163500
163502
163503
163504
163505
163506
163507
163508
163509
163510
163511
163512
163513
163514
163515
163516
163517
163518
163519
163520
163521
163522
163523
163569
163571
163572
163573
163574
163575
163576
163577
163578
163579
163580
163581
163582
163583
163584
163585
163586
163616
163618
163619
163620
163621
163622
163623
163624
163625
164396
164397
164399
164400
164402
164403
164405
164441
164442
164444
164445
164447
164448
164450
164451
164453
164454
164456
164504
164505
164507
164508
164510
164511
164513
164514
164516
164517
164519
164520
164522
164523
164525
164573
164574
164576
164577
164579
164580
164582
164583
164585
164586
164588
164589
164591
164592
164594
164638
164640
164641
164643
164644
164646
164647
164649
164650
164652
164653
164655
164656
164689
164691
164692
164694
164695
164697
164698
164700
164701
164718
164720
164722
165312
165313
165314
165321
165322
165323
165324
165325
165326
165327
165335
165336
165337
165338
165344
165345
165351
165352
165358
165359
165365
165366
165371
165372
165373
165374
165379
165380
165381
165382
165383
165384
165385
165394
165395
165396
165424
165425
165442
165443
165526
165527
165544
165545
165628
165629
165646
165647
165730
165731
165748
165749
165832
165833
165850
165851
165934
165935
165952
165953
166036
166037
166054
166055
166138
166139
166156
166157
166240
166241
166258
166259
166342
166343
166360
166361
166444
166445
166462
166463
166546
166547
166564
166565
166648
166649
166666
166667
166750
166751
166768
166769
166852
166853
166870
166871
166954
166955
166972
166973
167056
167057
167074
167075
167158
167159
167176
167177
167260
167261
167278
167279
167362
167363
167380
167381
167464
167465
167482
167483
167566
167567
167584
167585
167668
167669
167686
167687
167770
167771
167788
167789
167872
167873
167890
167891
167974
167975
167992
167993
168076
168077
168094
168095
168178
168179
168196
168197
168280
168281
168298
168299
168382
168383
168400
168401
168484
168485
168502
168503
169216
169217
169229
169230
169231
169232
169270
169271
169272
169273
169274
169275
169502
169503
169515
169516
169517
169518
169556
169557
169558
169559
169560
169561
169788
169789
169801
169802
169803
169804
169842
169843
169844
169845
169846
169847
170074
170075
170087
170088
170089
170090
170128
170129
170130
170131
170132
170133
170360
170361
170373
170374
170375
170376
170414
170415
170416
170417
170418
170419
170646
170647
170659
170660
170661
170662
170700
170701
170702
170703
170704
170705
170932
170933
170945
170946
170947
170948
170986
170987
170988
170989
170990
170991
171218
171219
171231
171232
171233
171234
171272
171273
171274
171275
171276
171277
171504
171505
171517
171518
171519
171520
171558
171559
171560
171561
171562
171563
171790
171791
171803
171804
171805
171806
171844
171845
171846
171847
171848
171849
172076
172077
172089
172090
172091
172092
172130
172131
172132
172133
172134
172135
172362
172363
172375
172376
172377
172378
172416
172417
172418
172419
172420
172421
172648
172649
172661
172662
172663
172664
172702
172703
172704
172705
172706
172707
172934
172935
172947
172948
172949
172950
172988
172989
172990
172991
172992
172993
173220
173221
173233
173234
173235
173236
173274
173275
173276
173277
173278
173279
173506
173507
173519
173520
173521
173522
173560
173561
173562
173563
173564
173565
173792
173793
173805
173806
173807
173808
173846
173847
173848
173849
173850
173851
174078
174079
174091
174092
174093
174094
174132
174133
174134
174135
174136
174137
174364
174365
174377
174378
174379
174380
174418
174419
174420
174421
174422
174423
174650
174651
174663
174664
174665
174666
174704
174705
174706
174707
174708
174709
174936
174937
174949
174950
174951
174952
174990
174991
174992
174993
174994
174995
175222
175223
175235
175236
175237
175238
175276
175277
175278
175279
175280
175281
175508
175509
175521
175522
175523
175524
175562
175563
175564
175565
175566
175567
175794
175795
175807
175808
175809
175810
175848
175849
175850
175851
175852
175853
176080
176081
176093
176094
176095
176096
176134
176135
176136
176137
176138
176139
176366
176367
176379
176380
176381
176382
176420
176421
176422
176423
176424
176425
176652
176653
176665
176666
176667
176668
176706
176707
176708
176709
176710
176711
176938
176939
176951
176952
176953
176954
176992
176993
176994
176995
176996
176997
177224
177225
177237
177238
177239
177240
177278
177279
177280
177281
177282
177283
177510
177511
177523
177524
177525
177526
177564
177565
177566
177567
177568
177569
177796
177797
177809
177810
177811
177812
177850
177851
177852
177853
177854
177855
180205
180206
180207
180208
180209
180210
180237
180238
180260
180261
180262
180263
180501
180502
180503
180504
180505
180506
180533
180534
180556
180557
180558
180559
180797
180798
180799
180800
180801
180802
180829
180830
180852
180853
180854
180855
181093
181094
181095
181096
181097
181098
181125
181126
181148
181149
181150
181151
181389
181390
181391
181392
181393
181394
181421
181422
181444
181445
181446
181447
181685
181686
181687
181688
181689
181690
181717
181718
181740
181741
181742
181743
181981
181982
181983
181984
181985
181986
182013
182014
182036
182037
182038
182039
182277
182278
182279
182280
182281
182282
182309
182310
182332
182333
182334
182335
182573
182574
182575
182576
182577
182578
182605
182606
182628
182629
182630
182631
182869
182870
182871
182872
182873
182874
182901
182902
182924
182925
182926
182927
183165
183166
183167
183168
183169
183170
183197
183198
183220
183221
183222
183223
183461
183462
183463
183464
183465
183466
183493
183494
183516
183517
183518
183519
183757
183758
183759
183760
183761
183762
183789
183790
183812
183813
183814
183815
184053
184054
184055
184056
184057
184058
184085
184086
184108
184109
184110
184111
184349
184350
184351
184352
184353
184354
184381
184382
184404
184405
184406
184407
184645
184646
184647
184648
184649
184650
184677
184678
184700
184701
184702
184703
184941
184942
184943
184944
184945
184946
184973
184974
184996
184997
184998
184999
185237
185238
185239
185240
185241
185242
185269
185270
185292
185293
185294
185295
185533
185534
185535
185536
185537
185538
185565
185566
185588
185589
185590
185591
185829
185830
185831
185832
185833
185834
185861
185862
185884
185885
185886
185887
186125
186126
186127
186128
186129
186130
186157
186158
186180
186181
186182
186183
186421
186422
186423
186424
186425
186426
186453
186454
186476
186477
186478
186479
186717
186718
186719
186720
186721
186722
186749
186750
186772
186773
186774
186775
187013
187014
187015
187016
187017
187018
187045
187046
187068
187069
187070
187071
187309
187310
187311
187312
187313
187314
187341
187342
187364
187365
187366
187367
187605
187606
187607
187608
187609
187610
187637
187638
187660
187661
187662
187663
187901
187902
187903
187904
187905
187906
187933
187934
187956
187957
187958
187959
188197
188198
188199
188200
188201
188202
188229
188230
188252
188253
188254
188255
188493
188494
188495
188496
188497
188498
188525
188526
188548
188549
188550
188551
188789
188790
188791
188792
188793
188794
188821
188822
188844
188845
188846
188847
189081
189082
189083
189084
189111
189112
189130
189131
191254
191255
191258
191259
)


// ************************************************************************* //
